5.097192001342773438e+01 4.936418533325195312e+01 4.447119140625000000e+01 6.285828781127929688e+01 5.046649551391601562e+01 2.876106262207031250e+01 3.205163574218750000e+01 4.141407775878906250e+01
1.030448455810546875e+02 8.321220397949218750e+01 7.756337738037109375e+01 1.013451995849609375e+02 9.134740447998046875e+01 4.955425262451171875e+01 5.755477523803710938e+01 7.652176666259765625e+01
1.305246582031250000e+02 8.937368774414062500e+01 8.711674499511718750e+01 1.026445083618164062e+02 9.914292907714843750e+01 5.408266830444335938e+01 6.057929992675781250e+01 8.336183166503906250e+01
1.419168853759765625e+02 9.453248596191406250e+01 9.623110961914062500e+01 1.069385147094726562e+02 1.057886657714843750e+02 5.886187744140625000e+01 6.225105667114257812e+01 9.105344390869140625e+01
1.494313812255859375e+02 1.015365829467773438e+02 1.026601791381835938e+02 1.151331634521484375e+02 1.112343978881835938e+02 6.165884780883789062e+01 6.611447143554687500e+01 9.611820983886718750e+01
1.550079498291015625e+02 1.050855178833007812e+02 1.055444564819335938e+02 1.157462463378906250e+02 1.154089508056640625e+02 6.238994979858398438e+01 6.713796997070312500e+01 9.719155120849609375e+01
1.519983673095703125e+02 1.051497268676757812e+02 1.064930496215820312e+02 1.141823043823242188e+02 1.147929916381835938e+02 6.173177719116210938e+01 6.504607391357421875e+01 9.433007049560546875e+01
1.463371582031250000e+02 1.067747039794921875e+02 1.059918289184570312e+02 1.238442306518554688e+02 1.123974456787109375e+02 6.261738967895507812e+01 6.717314910888671875e+01 9.357141113281250000e+01
1.411510162353515625e+02 1.086900405883789062e+02 1.054262390136718750e+02 1.221260147094726562e+02 1.101808319091796875e+02 6.545827484130859375e+01 6.754691314697265625e+01 9.152713012695312500e+01
1.390794982910156250e+02 1.058300933837890625e+02 1.091780548095703125e+02 1.192206573486328125e+02 1.139394607543945312e+02 6.650353240966796875e+01 6.932527923583984375e+01 9.362257385253906250e+01
1.434934082031250000e+02 1.067811737060546875e+02 1.121549072265625000e+02 1.226283264160156250e+02 1.164322204589843750e+02 6.527393341064453125e+01 7.126277160644531250e+01 9.457672119140625000e+01
1.510252380371093750e+02 1.070579452514648438e+02 1.116136322021484375e+02 1.191217803955078125e+02 1.172752075195312500e+02 6.539392089843750000e+01 6.967729949951171875e+01 9.251411437988281250e+01
1.581203155517578125e+02 1.080669631958007812e+02 1.118796310424804688e+02 1.190568923950195312e+02 1.149854583740234375e+02 6.759811401367187500e+01 6.756043243408203125e+01 9.071440124511718750e+01
1.649111022949218750e+02 1.101430892944335938e+02 1.143930053710937500e+02 1.263241500854492188e+02 1.210209808349609375e+02 6.621897125244140625e+01 7.006082916259765625e+01 9.693739318847656250e+01
1.678183441162109375e+02 1.099956665039062500e+02 1.154979324340820312e+02 1.217388916015625000e+02 1.229689025878906250e+02 6.816821289062500000e+01 6.941770172119140625e+01 9.878491210937500000e+01
1.686956176757812500e+02 1.163662338256835938e+02 1.172791748046875000e+02 1.258446578979492188e+02 1.230024871826171875e+02 7.323812103271484375e+01 7.242736053466796875e+01 9.879549407958984375e+01
1.727667083740234375e+02 1.184861068725585938e+02 1.189381484985351562e+02 1.302265472412109375e+02 1.268761215209960938e+02 7.335237884521484375e+01 7.469647216796875000e+01 1.002106857299804688e+02
1.726268157958984375e+02 1.214267501831054688e+02 1.239143295288085938e+02 1.295734100341796875e+02 1.342908782958984375e+02 7.606008911132812500e+01 7.608528137207031250e+01 1.076693115234375000e+02
1.702283630371093750e+02 1.225916976928710938e+02 1.259421234130859375e+02 1.249917144775390625e+02 1.334340057373046875e+02 7.635210418701171875e+01 7.534587097167968750e+01 1.063935928344726562e+02
1.751881103515625000e+02 1.255716400146484375e+02 1.273683776855468750e+02 1.295640563964843750e+02 1.318658599853515625e+02 7.768412780761718750e+01 7.545349884033203125e+01 1.047806777954101562e+02
1.866549987792968750e+02 1.261940460205078125e+02 1.316057434082031250e+02 1.304008483886718750e+02 1.339069366455078125e+02 7.773081970214843750e+01 7.677739715576171875e+01 1.082664947509765625e+02
