1.250413513183593750e+02 7.425580596923828125e+01 8.008068084716796875e+01 8.386959838867187500e+01 8.544473266601562500e+01 4.955386352539062500e+01 5.181896209716796875e+01 7.036940765380859375e+01
1.231865921020507812e+02 7.311405181884765625e+01 7.683277130126953125e+01 8.458299255371093750e+01 8.171758270263671875e+01 4.799564743041992188e+01 5.030318450927734375e+01 6.695777130126953125e+01
1.225226821899414062e+02 7.426500701904296875e+01 7.675588989257812500e+01 8.591168975830078125e+01 7.984728240966796875e+01 4.871446990966796875e+01 5.165338134765625000e+01 6.642961883544921875e+01
1.205532455444335938e+02 7.695255279541015625e+01 7.745686340332031250e+01 8.846990966796875000e+01 8.081076812744140625e+01 4.918592071533203125e+01 5.245032119750976562e+01 6.735363769531250000e+01
1.234456100463867188e+02 7.818605804443359375e+01 7.758737182617187500e+01 8.925137329101562500e+01 8.041590118408203125e+01 4.915208053588867188e+01 5.303275680541992188e+01 6.671682739257812500e+01
1.236879577636718750e+02 7.905980682373046875e+01 7.734883117675781250e+01 9.075205230712890625e+01 7.952997589111328125e+01 4.917629241943359375e+01 5.395761108398437500e+01 6.678656768798828125e+01
1.251279525756835938e+02 7.800566864013671875e+01 7.707865905761718750e+01 8.996434783935546875e+01 7.982751464843750000e+01 4.775708770751953125e+01 5.253654098510742188e+01 6.580018615722656250e+01
1.245156784057617188e+02 7.869793701171875000e+01 7.684500122070312500e+01 9.035108947753906250e+01 8.021637725830078125e+01 4.941172409057617188e+01 5.482925415039062500e+01 6.617902374267578125e+01
1.231639709472656250e+02 8.032977294921875000e+01 7.714695739746093750e+01 9.358889770507812500e+01 7.868856811523437500e+01 4.934278106689453125e+01 5.521874618530273438e+01 6.612392425537109375e+01
1.221877365112304688e+02 7.973517608642578125e+01 7.768746948242187500e+01 9.298242187500000000e+01 7.928374481201171875e+01 4.891146469116210938e+01 5.393864440917968750e+01 6.641823577880859375e+01
1.215782852172851562e+02 7.950465393066406250e+01 7.838062286376953125e+01 9.425827789306640625e+01 8.110760498046875000e+01 4.890179824829101562e+01 5.435722732543945312e+01 6.804283142089843750e+01
1.218556060791015625e+02 8.185838317871093750e+01 7.861571502685546875e+01 9.673687744140625000e+01 7.987308502197265625e+01 4.947599029541015625e+01 5.577856445312500000e+01 6.769043731689453125e+01
1.254296875000000000e+02 7.893758392333984375e+01 7.817048645019531250e+01 9.410177612304687500e+01 8.143782043457031250e+01 4.743585205078125000e+01 5.310597610473632812e+01 6.665009307861328125e+01
1.237410659790039062e+02 7.734893798828125000e+01 7.874567413330078125e+01 9.284340667724609375e+01 8.176718139648437500e+01 4.858277893066406250e+01 5.294202423095703125e+01 6.810014343261718750e+01
1.243951492309570312e+02 7.865941619873046875e+01 7.588285064697265625e+01 9.464521026611328125e+01 7.969820404052734375e+01 4.746007919311523438e+01 5.416245269775390625e+01 6.615161132812500000e+01
1.218317337036132812e+02 7.817286682128906250e+01 7.641943359375000000e+01 9.306138610839843750e+01 8.021085357666015625e+01 4.680353927612304688e+01 5.321490859985351562e+01 6.622680664062500000e+01
1.228109817504882812e+02 7.916809844970703125e+01 7.603304290771484375e+01 9.401757812500000000e+01 7.903564453125000000e+01 4.681524276733398438e+01 5.366719818115234375e+01 6.616145324707031250e+01
1.265854568481445312e+02 7.878269195556640625e+01 7.782334136962890625e+01 9.323937225341796875e+01 8.073906707763671875e+01 4.654587173461914062e+01 5.218121337890625000e+01 6.619471740722656250e+01
1.260584945678710938e+02 7.824732208251953125e+01 7.825464630126953125e+01 9.195223236083984375e+01 8.149787902832031250e+01 4.821720504760742188e+01 5.290869140625000000e+01 6.731313323974609375e+01
1.221279525756835938e+02 7.969717407226562500e+01 7.724416351318359375e+01 9.444459533691406250e+01 7.935496520996093750e+01 4.753932952880859375e+01 5.448957443237304688e+01 6.593394470214843750e+01
1.247539520263671875e+02 7.960593414306640625e+01 7.728401184082031250e+01 9.481101226806640625e+01 7.976011657714843750e+01 4.723539352416992188e+01 5.418516540527343750e+01 6.639739227294921875e+01
