4.536119937896728516e+00 1.022447395324707031e+01 5.590512752532958984e+00 1.133937454223632812e+01 5.998662471771240234e+00 1.240640354156494141e+01 1.454812431335449219e+01 5.535246372222900391e+00
4.547503471374511719e+00 1.026397037506103516e+01 5.593737125396728516e+00 1.133918666839599609e+01 5.992994308471679688e+00 1.236298751831054688e+01 1.453926372528076172e+01 5.536178112030029297e+00
4.558374881744384766e+00 1.030141639709472656e+01 5.593553066253662109e+00 1.135315227508544922e+01 5.987120151519775391e+00 1.232084465026855469e+01 1.454353523254394531e+01 5.536997318267822266e+00
4.569996356964111328e+00 1.032418918609619141e+01 5.592938423156738281e+00 1.139208412170410156e+01 5.982402801513671875e+00 1.228098106384277344e+01 1.454916000366210938e+01 5.543591499328613281e+00
4.581727504730224609e+00 1.033258247375488281e+01 5.597373008728027344e+00 1.143725585937500000e+01 5.978208065032958984e+00 1.225752735137939453e+01 1.454558563232421875e+01 5.553633213043212891e+00
4.592209339141845703e+00 1.032852077484130859e+01 5.606378555297851562e+00 1.147010135650634766e+01 5.975632190704345703e+00 1.225265884399414062e+01 1.453231239318847656e+01 5.564665317535400391e+00
4.600574016571044922e+00 1.032391929626464844e+01 5.617135047912597656e+00 1.147367286682128906e+01 5.976447105407714844e+00 1.225186347961425781e+01 1.451524734497070312e+01 5.574179172515869141e+00
4.609661102294921875e+00 1.032321929931640625e+01 5.628373622894287109e+00 1.144932651519775391e+01 5.977707386016845703e+00 1.225578117370605469e+01 1.448812294006347656e+01 5.583919525146484375e+00
4.618601322174072266e+00 1.032054710388183594e+01 5.642682075500488281e+00 1.142714405059814453e+01 5.982307434082031250e+00 1.226783466339111328e+01 1.445549106597900391e+01 5.594001770019531250e+00
4.626985549926757812e+00 1.032333183288574219e+01 5.656399250030517578e+00 1.140127277374267578e+01 5.985149860382080078e+00 1.228548336029052734e+01 1.442541503906250000e+01 5.601593017578125000e+00
4.634267807006835938e+00 1.033325004577636719e+01 5.666242122650146484e+00 1.137433528900146484e+01 5.989259243011474609e+00 1.229691219329833984e+01 1.440414047241210938e+01 5.611032009124755859e+00
4.642066478729248047e+00 1.035151004791259766e+01 5.670524597167968750e+00 1.136397647857666016e+01 5.994111061096191406e+00 1.230979442596435547e+01 1.439732360839843750e+01 5.620924472808837891e+00
4.651299476623535156e+00 1.037393188476562500e+01 5.670577526092529297e+00 1.135588359832763672e+01 5.998538017272949219e+00 1.232922744750976562e+01 1.441053009033203125e+01 5.629671573638916016e+00
4.659099578857421875e+00 1.039760208129882812e+01 5.668660163879394531e+00 1.135506725311279297e+01 6.002757549285888672e+00 1.235527992248535156e+01 1.443053340911865234e+01 5.637048721313476562e+00
4.663447380065917969e+00 1.042147731781005859e+01 5.664869785308837891e+00 1.135926151275634766e+01 6.005242347717285156e+00 1.238088512420654297e+01 1.444458866119384766e+01 5.645177841186523438e+00
4.666382312774658203e+00 1.043973255157470703e+01 5.664540290832519531e+00 1.136870384216308594e+01 6.003309726715087891e+00 1.240215778350830078e+01 1.445582675933837891e+01 5.652087211608886719e+00
4.668269634246826172e+00 1.045463657379150391e+01 5.668359756469726562e+00 1.138533687591552734e+01 5.999075412750244141e+00 1.241617298126220703e+01 1.446180820465087891e+01 5.650424003601074219e+00
4.669455051422119141e+00 1.047130489349365234e+01 5.678209304809570312e+00 1.140299701690673828e+01 5.998034477233886719e+00 1.241149997711181641e+01 1.446767807006835938e+01 5.644238948822021484e+00
4.669551849365234375e+00 1.048800754547119141e+01 5.694386005401611328e+00 1.141342163085937500e+01 5.999228477478027344e+00 1.239441108703613281e+01 1.446577358245849609e+01 5.638393878936767578e+00
4.669641971588134766e+00 1.049560928344726562e+01 5.715335369110107422e+00 1.142100524902343750e+01 6.001609325408935547e+00 1.238024902343750000e+01 1.445086479187011719e+01 5.635760784149169922e+00
4.668661117553710938e+00 1.049716472625732422e+01 5.738629817962646484e+00 1.141477012634277344e+01 6.005319595336914062e+00 1.236518573760986328e+01 1.442221355438232422e+01 5.635803699493408203e+00
4.666630744934082031e+00 1.050177383422851562e+01 5.758162021636962891e+00 1.141186046600341797e+01 6.015901088714599609e+00 1.235859680175781250e+01 1.439095783233642578e+01 5.636168003082275391e+00
4.666757106781005859e+00 1.051983547210693359e+01 5.773029804229736328e+00 1.144663143157958984e+01 6.031329631805419922e+00 1.236466598510742188e+01 1.436180591583251953e+01 5.635381221771240234e+00
4.671125411987304688e+00 1.054105758666992188e+01 5.783452033996582031e+00 1.148777103424072266e+01 6.037137985229492188e+00 1.237168407440185547e+01 1.433032798767089844e+01 5.632760047912597656e+00
