3.710459947586059570e+00 8.692098617553710938e+00 5.403951168060302734e+00 9.320091247558593750e+00 5.895106792449951172e+00 1.169377899169921875e+01 1.189546585083007812e+01 5.592948436737060547e+00
3.472989082336425781e+00 8.805636405944824219e+00 5.589580535888671875e+00 9.329252243041992188e+00 5.787367820739746094e+00 1.164444255828857422e+01 1.108145236968994141e+01 5.546535015106201172e+00
3.495482921600341797e+00 8.975001335144042969e+00 5.675373554229736328e+00 9.379662513732910156e+00 5.941926956176757812e+00 1.170225429534912109e+01 1.124298381805419922e+01 5.609435558319091797e+00
3.558162450790405273e+00 9.231480598449707031e+00 5.639484405517578125e+00 9.697254180908203125e+00 6.023947238922119141e+00 1.199775600433349609e+01 1.194493389129638672e+01 5.613091945648193359e+00
3.602833747863769531e+00 9.435441017150878906e+00 5.593027591705322266e+00 1.013016414642333984e+01 6.064658164978027344e+00 1.223293209075927734e+01 1.271068763732910156e+01 5.584171772003173828e+00
3.651111364364624023e+00 9.566879272460937500e+00 5.570124149322509766e+00 1.048525619506835938e+01 6.101956367492675781e+00 1.239886951446533203e+01 1.336699008941650391e+01 5.562434673309326172e+00
3.701332807540893555e+00 9.662965774536132812e+00 5.581792831420898438e+00 1.071634101867675781e+01 6.141644001007080078e+00 1.252685356140136719e+01 1.385949707031250000e+01 5.564869403839111328e+00
3.744578123092651367e+00 9.743484497070312500e+00 5.616940975189208984e+00 1.081994056701660156e+01 6.180923461914062500e+00 1.263014984130859375e+01 1.418810176849365234e+01 5.585676670074462891e+00
3.777025461196899414e+00 9.813299179077148438e+00 5.662659168243408203e+00 1.084737300872802734e+01 6.218636512756347656e+00 1.271577739715576172e+01 1.439515972137451172e+01 5.613896369934082031e+00
3.800195932388305664e+00 9.874820709228515625e+00 5.709600448608398438e+00 1.082536411285400391e+01 6.250964641571044922e+00 1.278450107574462891e+01 1.452328014373779297e+01 5.642847061157226562e+00
3.817250013351440430e+00 9.928459167480468750e+00 5.753139972686767578e+00 1.079335784912109375e+01 6.278539657592773438e+00 1.283746433258056641e+01 1.460746765136718750e+01 5.673757076263427734e+00
3.833494186401367188e+00 9.980675697326660156e+00 5.794942855834960938e+00 1.078735351562500000e+01 6.299335479736328125e+00 1.288260078430175781e+01 1.466524887084960938e+01 5.704523086547851562e+00
3.851170063018798828e+00 1.003256225585937500e+01 5.831356525421142578e+00 1.079365158081054688e+01 6.310160636901855469e+00 1.291726303100585938e+01 1.470460605621337891e+01 5.730457305908203125e+00
3.867166042327880859e+00 1.007906627655029297e+01 5.861599445343017578e+00 1.080133152008056641e+01 6.312552928924560547e+00 1.294054985046386719e+01 1.471805667877197266e+01 5.751167774200439453e+00
3.880382299423217773e+00 1.011495494842529297e+01 5.889462471008300781e+00 1.080397796630859375e+01 6.311250686645507812e+00 1.295673751831054688e+01 1.471260261535644531e+01 5.767121315002441406e+00
3.892802000045776367e+00 1.015416908264160156e+01 5.919726848602294922e+00 1.080495738983154297e+01 6.312686443328857422e+00 1.296620750427246094e+01 1.469924068450927734e+01 5.779216289520263672e+00
3.904575109481811523e+00 1.018862438201904297e+01 5.953320980072021484e+00 1.080460739135742188e+01 6.316017627716064453e+00 1.296708011627197266e+01 1.468080520629882812e+01 5.780878543853759766e+00
3.917431831359863281e+00 1.022368621826171875e+01 5.991262912750244141e+00 1.079221153259277344e+01 6.326565265655517578e+00 1.295908641815185547e+01 1.465863227844238281e+01 5.777374267578125000e+00
3.930644273757934570e+00 1.027093887329101562e+01 6.038424491882324219e+00 1.076599979400634766e+01 6.338694095611572266e+00 1.294347095489501953e+01 1.464354515075683594e+01 5.776021003723144531e+00
3.943806886672973633e+00 1.032863903045654297e+01 6.091949462890625000e+00 1.074041080474853516e+01 6.346323013305664062e+00 1.292504882812500000e+01 1.464404582977294922e+01 5.781423568725585938e+00
3.957115650177001953e+00 1.038272285461425781e+01 6.146672725677490234e+00 1.072737884521484375e+01 6.351519584655761719e+00 1.291575527191162109e+01 1.464545631408691406e+01 5.792113780975341797e+00
3.969931125640869141e+00 1.043798923492431641e+01 6.194552898406982422e+00 1.073317146301269531e+01 6.357610702514648438e+00 1.292334365844726562e+01 1.463687324523925781e+01 5.801692485809326172e+00
3.982902050018310547e+00 1.050572204589843750e+01 6.229459762573242188e+00 1.077985572814941406e+01 6.362782955169677734e+00 1.296058082580566406e+01 1.462171554565429688e+01 5.807400226593017578e+00
3.997307300567626953e+00 1.058195972442626953e+01 6.249821662902832031e+00 1.083357238769531250e+01 6.359242916107177734e+00 1.300871467590332031e+01 1.461203861236572266e+01 5.811006546020507812e+00
