3.933454036712646484e+00 1.034066772460937500e+01 5.831467151641845703e+00 1.129418182373046875e+01 6.242249011993408203e+00 1.269332408905029297e+01 1.418454933166503906e+01 5.776138782501220703e+00
4.018369674682617188e+00 1.031492137908935547e+01 5.847604751586914062e+00 1.141651153564453125e+01 6.199379920959472656e+00 1.272454452514648438e+01 1.416586303710937500e+01 5.838247299194335938e+00
4.075273990631103516e+00 1.032773494720458984e+01 5.871838092803955078e+00 1.149148082733154297e+01 6.174318313598632812e+00 1.269416999816894531e+01 1.422585487365722656e+01 5.824283599853515625e+00
4.167792320251464844e+00 1.030180454254150391e+01 5.847742080688476562e+00 1.141518783569335938e+01 6.167859554290771484e+00 1.246685504913330078e+01 1.436129951477050781e+01 5.747195720672607422e+00
4.181462764739990234e+00 1.033335781097412109e+01 5.804476737976074219e+00 1.146840953826904297e+01 6.128057479858398438e+00 1.252999114990234375e+01 1.455390071868896484e+01 5.742205619812011719e+00
4.237905025482177734e+00 1.028834915161132812e+01 5.743633747100830078e+00 1.154525279998779297e+01 6.157477378845214844e+00 1.254566574096679688e+01 1.484694194793701172e+01 5.759963989257812500e+00
4.209927558898925781e+00 1.031228733062744141e+01 5.743257045745849609e+00 1.151979732513427734e+01 6.184825420379638672e+00 1.259203815460205078e+01 1.500268554687500000e+01 5.797288894653320312e+00
4.219949722290039062e+00 1.041611576080322266e+01 5.772060871124267578e+00 1.151109981536865234e+01 6.277995109558105469e+00 1.280050373077392578e+01 1.531686305999755859e+01 5.861097335815429688e+00
4.228694438934326172e+00 1.043954277038574219e+01 5.719841480255126953e+00 1.149089431762695312e+01 6.315810680389404297e+00 1.269452095031738281e+01 1.546016979217529297e+01 5.862275600433349609e+00
4.228671073913574219e+00 1.059011173248291016e+01 5.731949329376220703e+00 1.151062107086181641e+01 6.392734527587890625e+00 1.281741237640380859e+01 1.569569206237792969e+01 5.883373737335205078e+00
4.208911418914794922e+00 1.066079998016357422e+01 5.775544166564941406e+00 1.148925876617431641e+01 6.472832202911376953e+00 1.283587360382080078e+01 1.584531593322753906e+01 5.925957679748535156e+00
4.202075481414794922e+00 1.070777702331542969e+01 5.786769866943359375e+00 1.156615543365478516e+01 6.517294883728027344e+00 1.288552856445312500e+01 1.586732769012451172e+01 5.965315818786621094e+00
4.208678245544433594e+00 1.076793575286865234e+01 5.795269489288330078e+00 1.166031932830810547e+01 6.535433769226074219e+00 1.276380062103271484e+01 1.608918380737304688e+01 5.950931549072265625e+00
4.227778434753417969e+00 1.080308341979980469e+01 5.850103855133056641e+00 1.186119747161865234e+01 6.578373432159423828e+00 1.277535438537597656e+01 1.614042472839355469e+01 5.979903697967529297e+00
4.221021652221679688e+00 1.077148437500000000e+01 5.879998207092285156e+00 1.189220714569091797e+01 6.584257125854492188e+00 1.278576660156250000e+01 1.624901390075683594e+01 5.997683525085449219e+00
4.237768650054931641e+00 1.076516723632812500e+01 5.974796295166015625e+00 1.201640129089355469e+01 6.597028255462646484e+00 1.276023387908935547e+01 1.626274299621582031e+01 6.021810054779052734e+00
4.237301826477050781e+00 1.071519279479980469e+01 6.001360416412353516e+00 1.202913093566894531e+01 6.573269844055175781e+00 1.277001285552978516e+01 1.627381515502929688e+01 6.031411647796630859e+00
4.250301361083984375e+00 1.070769882202148438e+01 6.054158210754394531e+00 1.207915592193603516e+01 6.541371822357177734e+00 1.281882381439208984e+01 1.630553054809570312e+01 6.045537948608398438e+00
4.264744281768798828e+00 1.072067451477050781e+01 6.139089584350585938e+00 1.207567501068115234e+01 6.543650627136230469e+00 1.279044342041015625e+01 1.632613563537597656e+01 6.055163860321044922e+00
4.273829936981201172e+00 1.069960594177246094e+01 6.149308681488037109e+00 1.204454708099365234e+01 6.525485038757324219e+00 1.272880935668945312e+01 1.630430793762207031e+01 6.043239116668701172e+00
4.283713340759277344e+00 1.070026683807373047e+01 6.193364620208740234e+00 1.206329345703125000e+01 6.488363742828369141e+00 1.279092025756835938e+01 1.629038619995117188e+01 6.065089702606201172e+00
4.308048248291015625e+00 1.066325187683105469e+01 6.199085712432861328e+00 1.206983280181884766e+01 6.464718818664550781e+00 1.273380947113037109e+01 1.617639923095703125e+01 6.051686763763427734e+00
4.352990150451660156e+00 1.063971328735351562e+01 6.205310821533203125e+00 1.215575408935546875e+01 6.465840816497802734e+00 1.278813648223876953e+01 1.609436988830566406e+01 6.057050228118896484e+00
4.401496410369873047e+00 1.064315032958984375e+01 6.192423343658447266e+00 1.220027923583984375e+01 6.474970340728759766e+00 1.286732006072998047e+01 1.593545627593994141e+01 6.033749580383300781e+00
