9.858137512207031250e+01 7.732810211181640625e+01 7.277088928222656250e+01 8.538011932373046875e+01 7.947629547119140625e+01 4.754310226440429688e+01 5.323660278320312500e+01 6.603974914550781250e+01
1.178857269287109375e+02 7.804016113281250000e+01 7.183411407470703125e+01 8.977993011474609375e+01 7.913412475585937500e+01 4.616855239868164062e+01 5.258869934082031250e+01 6.478169250488281250e+01
1.280153503417968750e+02 7.891065216064453125e+01 7.285493469238281250e+01 9.125686645507812500e+01 7.888247680664062500e+01 4.674613952636718750e+01 5.282777786254882812e+01 6.529018402099609375e+01
1.321832122802734375e+02 7.956291198730468750e+01 7.385108184814453125e+01 9.164685058593750000e+01 7.870945739746093750e+01 4.716643524169921875e+01 5.287031173706054688e+01 6.581738281250000000e+01
1.342826995849609375e+02 8.028650665283203125e+01 7.464253234863281250e+01 9.199838256835937500e+01 7.863909149169921875e+01 4.747496795654296875e+01 5.315912628173828125e+01 6.618585205078125000e+01
1.356179199218750000e+02 8.101007843017578125e+01 7.558533477783203125e+01 9.280558776855468750e+01 7.884027099609375000e+01 4.756584548950195312e+01 5.351237869262695312e+01 6.649203491210937500e+01
1.367854614257812500e+02 8.161981964111328125e+01 7.653148651123046875e+01 9.355737304687500000e+01 7.922281646728515625e+01 4.776586151123046875e+01 5.356335830688476562e+01 6.689864349365234375e+01
1.378491668701171875e+02 8.204727935791015625e+01 7.746660614013671875e+01 9.422326660156250000e+01 7.953054046630859375e+01 4.793386459350585938e+01 5.369620513916015625e+01 6.724471282958984375e+01
1.386326751708984375e+02 8.241403961181640625e+01 7.806730651855468750e+01 9.469143676757812500e+01 7.994847106933593750e+01 4.822180557250976562e+01 5.418211364746093750e+01 6.749064636230468750e+01
1.394823760986328125e+02 8.256974029541015625e+01 7.829731750488281250e+01 9.503682708740234375e+01 8.081618499755859375e+01 4.851070404052734375e+01 5.495787048339843750e+01 6.785562133789062500e+01
1.403784332275390625e+02 8.269704437255859375e+01 7.890781402587890625e+01 9.609521484375000000e+01 8.186903381347656250e+01 4.880893707275390625e+01 5.609175872802734375e+01 6.836343383789062500e+01
1.416217498779296875e+02 8.341534423828125000e+01 7.956813812255859375e+01 9.849288940429687500e+01 8.278817749023437500e+01 4.912996673583984375e+01 5.758214950561523438e+01 6.875801086425781250e+01
1.432737121582031250e+02 8.412464141845703125e+01 7.999036407470703125e+01 1.012924728393554688e+02 8.309129333496093750e+01 4.913745117187500000e+01 5.882133102416992188e+01 6.921195220947265625e+01
1.449503326416015625e+02 8.474224853515625000e+01 8.036767578125000000e+01 1.031568222045898438e+02 8.291229248046875000e+01 4.897468566894531250e+01 5.945468521118164062e+01 6.946989440917968750e+01
1.463347015380859375e+02 8.577948760986328125e+01 8.094171142578125000e+01 1.046722488403320312e+02 8.306703186035156250e+01 4.900087356567382812e+01 6.008663558959960938e+01 6.947137451171875000e+01
1.481243286132812500e+02 8.680937194824218750e+01 8.154638671875000000e+01 1.065160217285156250e+02 8.311676788330078125e+01 4.905049133300781250e+01 6.100224685668945312e+01 6.938648986816406250e+01
1.506162109375000000e+02 8.735466003417968750e+01 8.222585296630859375e+01 1.075197525024414062e+02 8.287014770507812500e+01 4.915865325927734375e+01 6.153752899169921875e+01 6.948653411865234375e+01
1.527594604492187500e+02 8.789960479736328125e+01 8.341215515136718750e+01 1.078939895629882812e+02 8.274203491210937500e+01 4.967457962036132812e+01 6.168277359008789062e+01 6.995225524902343750e+01
1.542879791259765625e+02 8.844962310791015625e+01 8.477799987792968750e+01 1.079687957763671875e+02 8.246625518798828125e+01 5.047538375854492188e+01 6.171118164062500000e+01 7.044539642333984375e+01
1.556236419677734375e+02 8.872660064697265625e+01 8.595322418212890625e+01 1.081962966918945312e+02 8.241936492919921875e+01 5.144922256469726562e+01 6.180765533447265625e+01 7.075971984863281250e+01
1.572152252197265625e+02 8.882877349853515625e+01 8.701538085937500000e+01 1.077483062744140625e+02 8.243388366699218750e+01 5.228012084960937500e+01 6.191040039062500000e+01 7.127671813964843750e+01
