3.924528598785400391e+00 1.017172336578369141e+01 5.651934146881103516e+00 1.130584335327148438e+01 6.096569538116455078e+00 1.192918109893798828e+01 1.449625015258789062e+01 5.248068332672119141e+00
3.934161424636840820e+00 1.039012432098388672e+01 5.674662590026855469e+00 1.159429168701171875e+01 6.147915840148925781e+00 1.172561073303222656e+01 1.430792140960693359e+01 5.266977310180664062e+00
4.004714012145996094e+00 1.035229110717773438e+01 5.582984447479248047e+00 1.162907218933105469e+01 6.160235404968261719e+00 1.181076908111572266e+01 1.431468772888183594e+01 5.338651180267333984e+00
4.003429889678955078e+00 1.050957489013671875e+01 5.760258674621582031e+00 1.153002357482910156e+01 6.206251144409179688e+00 1.164984416961669922e+01 1.430931186676025391e+01 5.303097724914550781e+00
4.042081356048583984e+00 1.036099529266357422e+01 5.672835350036621094e+00 1.147848415374755859e+01 6.221754550933837891e+00 1.181272220611572266e+01 1.417481803894042969e+01 5.336709499359130859e+00
4.061330795288085938e+00 1.046395301818847656e+01 5.645913600921630859e+00 1.160535049438476562e+01 6.165908813476562500e+00 1.189147377014160156e+01 1.433129119873046875e+01 5.363670825958251953e+00
4.040852069854736328e+00 1.043303108215332031e+01 5.779081344604492188e+00 1.152550601959228516e+01 6.228416919708251953e+00 1.184802055358886719e+01 1.438443565368652344e+01 5.313470840454101562e+00
4.318650722503662109e+00 1.040066719055175781e+01 5.720576763153076172e+00 1.139034652709960938e+01 6.291286945343017578e+00 1.203382873535156250e+01 1.431214904785156250e+01 5.410233497619628906e+00
4.034355163574218750e+00 1.064352035522460938e+01 5.953966140747070312e+00 1.151675987243652344e+01 6.340530872344970703e+00 1.185578823089599609e+01 1.454119586944580078e+01 5.354020595550537109e+00
4.057744026184082031e+00 1.047440338134765625e+01 5.900800228118896484e+00 1.143322181701660156e+01 6.338968276977539062e+00 1.195258617401123047e+01 1.438253593444824219e+01 5.373084545135498047e+00
4.126709461212158203e+00 1.036347675323486328e+01 5.841320037841796875e+00 1.136381340026855469e+01 6.332198143005371094e+00 1.197060108184814453e+01 1.436945152282714844e+01 5.406708717346191406e+00
4.069449424743652344e+00 1.030386161804199219e+01 5.864022254943847656e+00 1.126726341247558594e+01 6.391789436340332031e+00 1.193650627136230469e+01 1.426893806457519531e+01 5.381467342376708984e+00
4.093585968017578125e+00 1.054800796508789062e+01 5.998139858245849609e+00 1.127978515625000000e+01 6.316624641418457031e+00 1.183491802215576172e+01 1.438479232788085938e+01 5.388499736785888672e+00
4.345304012298583984e+00 1.047913360595703125e+01 5.977826595306396484e+00 1.129986190795898438e+01 6.439584732055664062e+00 1.212082195281982422e+01 1.443990612030029297e+01 5.426191329956054688e+00
4.100192546844482422e+00 1.036711788177490234e+01 5.814815044403076172e+00 1.136760711669921875e+01 6.342162609100341797e+00 1.184963226318359375e+01 1.434682559967041016e+01 5.372139930725097656e+00
4.046231746673583984e+00 1.046042442321777344e+01 5.901757717132568359e+00 1.136141014099121094e+01 6.324038982391357422e+00 1.186617946624755859e+01 1.440727233886718750e+01 5.383983135223388672e+00
4.288111686706542969e+00 1.055109882354736328e+01 5.976303577423095703e+00 1.145706653594970703e+01 6.386051654815673828e+00 1.193257427215576172e+01 1.443722057342529297e+01 5.443813323974609375e+00
4.130621910095214844e+00 1.053519153594970703e+01 5.973483562469482422e+00 1.144781780242919922e+01 6.399588584899902344e+00 1.172839927673339844e+01 1.438146591186523438e+01 5.390945434570312500e+00
4.147478580474853516e+00 1.060551643371582031e+01 6.043932437896728516e+00 1.146802330017089844e+01 6.375194072723388672e+00 1.178331184387207031e+01 1.432019233703613281e+01 5.395680904388427734e+00
4.231529235839843750e+00 1.053922843933105469e+01 5.967024803161621094e+00 1.147096443176269531e+01 6.331284046173095703e+00 1.183742332458496094e+01 1.425697135925292969e+01 5.392843723297119141e+00
4.215284824371337891e+00 1.053769874572753906e+01 5.975924015045166016e+00 1.144150257110595703e+01 6.286638736724853516e+00 1.177795982360839844e+01 1.439458274841308594e+01 5.388712882995605469e+00
4.242966175079345703e+00 1.046680450439453125e+01 6.028045654296875000e+00 1.135152053833007812e+01 6.334115028381347656e+00 1.181667995452880859e+01 1.421008872985839844e+01 5.400605201721191406e+00
4.229291439056396484e+00 1.052988243103027344e+01 6.044216156005859375e+00 1.135603046417236328e+01 6.335219860076904297e+00 1.183222961425781250e+01 1.426407241821289062e+01 5.397027969360351562e+00
4.243741035461425781e+00 1.059381771087646484e+01 6.115078926086425781e+00 1.135362052917480469e+01 6.319252490997314453e+00 1.176061439514160156e+01 1.416463470458984375e+01 5.390761375427246094e+00
