1.229548096656799316e+00 4.376878261566162109e+00 2.823061943054199219e+00 4.945450782775878906e+00 2.876645565032958984e+00 5.171710968017578125e+00 6.372107505798339844e+00 2.934755563735961914e+00
2.754654169082641602e+00 9.115404129028320312e+00 5.636031627655029297e+00 1.083600044250488281e+01 5.573095321655273438e+00 1.069506931304931641e+01 1.380799293518066406e+01 5.314773559570312500e+00
3.643974304199218750e+00 1.158309841156005859e+01 7.187045574188232422e+00 1.390498638153076172e+01 7.081709861755371094e+00 1.415940093994140625e+01 1.849421119689941406e+01 6.590949058532714844e+00
4.203645706176757812e+00 1.263324737548828125e+01 7.928934574127197266e+00 1.495944690704345703e+01 7.842690944671630859e+00 1.605340576171875000e+01 2.135796737670898438e+01 7.368028640747070312e+00
4.507887840270996094e+00 1.329042148590087891e+01 8.317113876342773438e+00 1.554810810089111328e+01 8.177582740783691406e+00 1.691234588623046875e+01 2.259494018554687500e+01 7.865385532379150391e+00
4.667492866516113281e+00 1.340804958343505859e+01 8.477248191833496094e+00 1.606566619873046875e+01 8.312358856201171875e+00 1.698655700683593750e+01 2.265945243835449219e+01 8.225800514221191406e+00
4.842265129089355469e+00 1.369497299194335938e+01 8.608513832092285156e+00 1.633019256591796875e+01 8.539508819580078125e+00 1.644189643859863281e+01 2.217100906372070312e+01 8.430624961853027344e+00
5.058647155761718750e+00 1.404275894165039062e+01 8.667222976684570312e+00 1.631322669982910156e+01 8.880052566528320312e+00 1.589971065521240234e+01 2.147175598144531250e+01 8.633473396301269531e+00
5.266581535339355469e+00 1.439347743988037109e+01 8.679854393005371094e+00 1.639945411682128906e+01 9.081974983215332031e+00 1.578087806701660156e+01 2.110659790039062500e+01 8.689491271972656250e+00
5.428766250610351562e+00 1.454434776306152344e+01 8.631353378295898438e+00 1.656999969482421875e+01 9.169359207153320312e+00 1.617862701416015625e+01 2.157886505126953125e+01 8.678643226623535156e+00
5.497049808502197266e+00 1.452542877197265625e+01 8.600721359252929688e+00 1.643629074096679688e+01 9.311942100524902344e+00 1.646622467041015625e+01 2.177624893188476562e+01 8.668039321899414062e+00
5.514622688293457031e+00 1.460345935821533203e+01 8.764046669006347656e+00 1.624390411376953125e+01 9.368390083312988281e+00 1.675207710266113281e+01 2.133624458312988281e+01 8.712964057922363281e+00
5.555675029754638672e+00 1.467951297760009766e+01 8.891093254089355469e+00 1.664148330688476562e+01 9.346041679382324219e+00 1.717384147644042969e+01 2.120492935180664062e+01 8.842355728149414062e+00
5.552406311035156250e+00 1.443493556976318359e+01 8.969191551208496094e+00 1.681620216369628906e+01 9.372038841247558594e+00 1.737781333923339844e+01 2.137356185913085938e+01 9.054288864135742188e+00
5.548770427703857422e+00 1.459690284729003906e+01 9.170881271362304688e+00 1.677746582031250000e+01 9.465662002563476562e+00 1.758046913146972656e+01 2.175124931335449219e+01 9.215660095214843750e+00
5.586741924285888672e+00 1.526770591735839844e+01 9.480037689208984375e+00 1.699248504638671875e+01 9.546586990356445312e+00 1.788273239135742188e+01 2.230071067810058594e+01 9.428149223327636719e+00
5.647121429443359375e+00 1.588942909240722656e+01 9.658146858215332031e+00 1.774372863769531250e+01 9.667313575744628906e+00 1.828737068176269531e+01 2.246616744995117188e+01 9.630008697509765625e+00
5.708633899688720703e+00 1.612945556640625000e+01 9.579229354858398438e+00 1.812951278686523438e+01 9.543909072875976562e+00 1.879029464721679688e+01 2.304929351806640625e+01 9.741604804992675781e+00
5.728500366210937500e+00 1.602519035339355469e+01 9.406190872192382812e+00 1.824328422546386719e+01 9.443301200866699219e+00 1.919386100769042969e+01 2.387909126281738281e+01 9.684554100036621094e+00
5.675564289093017578e+00 1.573051261901855469e+01 9.223319053649902344e+00 1.813578414916992188e+01 9.373558044433593750e+00 1.940303802490234375e+01 2.452429771423339844e+01 9.644338607788085938e+00
5.643519401550292969e+00 1.564100837707519531e+01 9.117783546447753906e+00 1.812661743164062500e+01 9.186916351318359375e+00 1.934321403503417969e+01 2.503550529479980469e+01 9.591890335083007812e+00
5.666306972503662109e+00 1.563655376434326172e+01 9.131549835205078125e+00 1.813981437683105469e+01 8.890118598937988281e+00 1.914344787597656250e+01 2.463754081726074219e+01 9.610184669494628906e+00
5.706988334655761719e+00 1.571979141235351562e+01 9.017446517944335938e+00 1.824792861938476562e+01 8.633861541748046875e+00 1.881834793090820312e+01 2.383705329895019531e+01 9.567167282104492188e+00
5.641535282135009766e+00 1.592794132232666016e+01 9.024530410766601562e+00 1.816895866394042969e+01 8.554781913757324219e+00 1.838696289062500000e+01 2.273465728759765625e+01 9.605086326599121094e+00
