4.338472366333007812e+00 1.056993579864501953e+01 8.177924156188964844e+00 1.220199489593505859e+01 8.621233940124511719e+00 1.366895961761474609e+01 1.596807575225830078e+01 1.089012908935546875e+01
4.323948383331298828e+00 1.079510021209716797e+01 8.103011131286621094e+00 1.244580078125000000e+01 8.551532745361328125e+00 1.340632534027099609e+01 1.567649555206298828e+01 1.081974887847900391e+01
4.429374217987060547e+00 1.077339935302734375e+01 8.244857788085937500e+00 1.250969028472900391e+01 8.757170677185058594e+00 1.360575199127197266e+01 1.566744709014892578e+01 1.108046245574951172e+01
4.368298053741455078e+00 1.092390060424804688e+01 8.156812667846679688e+00 1.237510776519775391e+01 8.637114524841308594e+00 1.334454345703125000e+01 1.556068229675292969e+01 1.085018253326416016e+01
4.463705539703369141e+00 1.081542110443115234e+01 8.288344383239746094e+00 1.234148693084716797e+01 8.789861679077148438e+00 1.361379623413085938e+01 1.549981021881103516e+01 1.100209712982177734e+01
4.482742786407470703e+00 1.092826652526855469e+01 8.335683822631835938e+00 1.242618942260742188e+01 8.843887329101562500e+00 1.371078014373779297e+01 1.565208911895751953e+01 1.117721557617187500e+01
4.428338527679443359e+00 1.089308738708496094e+01 8.347926139831542969e+00 1.240227603912353516e+01 8.837756156921386719e+00 1.368824768066406250e+01 1.568422031402587891e+01 1.099821472167968750e+01
4.716844558715820312e+00 1.082105827331542969e+01 8.281949043273925781e+00 1.223541259765625000e+01 8.948804855346679688e+00 1.384873867034912109e+01 1.560565185546875000e+01 1.104721450805664062e+01
4.428964614868164062e+00 1.108402252197265625e+01 8.384059906005859375e+00 1.239449405670166016e+01 8.899223327636718750e+00 1.366149520874023438e+01 1.583430671691894531e+01 1.091113758087158203e+01
4.448890686035156250e+00 1.092138195037841797e+01 8.536498069763183594e+00 1.229129123687744141e+01 9.000517845153808594e+00 1.386474800109863281e+01 1.566672801971435547e+01 1.110305023193359375e+01
4.552515983581542969e+00 1.082409000396728516e+01 8.671031951904296875e+00 1.224101352691650391e+01 9.168290138244628906e+00 1.402517414093017578e+01 1.567572307586669922e+01 1.137327480316162109e+01
4.493818283081054688e+00 1.080980682373046875e+01 8.736127853393554688e+00 1.216168022155761719e+01 9.319875717163085938e+00 1.404482460021972656e+01 1.553701400756835938e+01 1.146733093261718750e+01
4.532382965087890625e+00 1.100214481353759766e+01 8.699056625366210938e+00 1.213063621520996094e+01 9.093013763427734375e+00 1.393798923492431641e+01 1.569656372070312500e+01 1.131357574462890625e+01
4.807790279388427734e+00 1.094919490814208984e+01 8.591692924499511719e+00 1.208918762207031250e+01 9.121555328369140625e+00 1.425187206268310547e+01 1.573856258392333984e+01 1.122355556488037109e+01
4.574732780456542969e+00 1.085545158386230469e+01 8.788092613220214844e+00 1.222725677490234375e+01 9.330668449401855469e+00 1.402312946319580078e+01 1.566708564758300781e+01 1.149276161193847656e+01
4.517908096313476562e+00 1.098596096038818359e+01 8.827111244201660156e+00 1.221299743652343750e+01 9.267193794250488281e+00 1.411286354064941406e+01 1.572776794433593750e+01 1.154581642150878906e+01
4.739701271057128906e+00 1.105027484893798828e+01 8.664647102355957031e+00 1.225789833068847656e+01 9.181805610656738281e+00 1.411656951904296875e+01 1.575951194763183594e+01 1.134819126129150391e+01
4.602557659149169922e+00 1.109085178375244141e+01 8.857441902160644531e+00 1.226450347900390625e+01 9.371550559997558594e+00 1.400754451751708984e+01 1.572442817687988281e+01 1.153902435302734375e+01
4.608383655548095703e+00 1.120202255249023438e+01 8.898533821105957031e+00 1.230004787445068359e+01 9.251496315002441406e+00 1.406704807281494141e+01 1.564575195312500000e+01 1.151907157897949219e+01
4.719021797180175781e+00 1.115155410766601562e+01 8.967765808105468750e+00 1.229061508178710938e+01 9.297059059143066406e+00 1.417358493804931641e+01 1.558247756958007812e+01 1.162187385559082031e+01
4.713710308074951172e+00 1.119394588470458984e+01 9.032885551452636719e+00 1.228382110595703125e+01 9.349734306335449219e+00 1.418117237091064453e+01 1.571143913269042969e+01 1.176409816741943359e+01
4.745746612548828125e+00 1.114599895477294922e+01 9.149277687072753906e+00 1.219099617004394531e+01 9.398651123046875000e+00 1.424361896514892578e+01 1.556726837158203125e+01 1.170709800720214844e+01
4.746919631958007812e+00 1.125733566284179688e+01 9.151211738586425781e+00 1.220029544830322266e+01 9.391888618469238281e+00 1.429244136810302734e+01 1.563848972320556641e+01 1.175565147399902344e+01
4.730750560760498047e+00 1.133809375762939453e+01 9.224715232849121094e+00 1.220696067810058594e+01 9.392312049865722656e+00 1.423900127410888672e+01 1.553842067718505859e+01 1.170400047302246094e+01
