3.726637840270996094e+00 8.372606277465820312e+00 5.160559654235839844e+00 9.523616790771484375e+00 5.810489177703857422e+00 1.089819049835205078e+01 1.173488998413085938e+01 5.370064258575439453e+00
3.447864770889282227e+00 8.301167488098144531e+00 5.265360355377197266e+00 9.478160858154296875e+00 5.698036193847656250e+00 1.058626174926757812e+01 1.081363201141357422e+01 5.347623825073242188e+00
3.479261398315429688e+00 8.454211235046386719e+00 5.356966018676757812e+00 9.517974853515625000e+00 5.845260620117187500e+00 1.059977054595947266e+01 1.093680667877197266e+01 5.412852764129638672e+00
3.544061660766601562e+00 8.589290618896484375e+00 5.333317756652832031e+00 9.729831695556640625e+00 5.933085918426513672e+00 1.088311386108398438e+01 1.146964168548583984e+01 5.428411483764648438e+00
3.589306354522705078e+00 8.698677062988281250e+00 5.302072048187255859e+00 1.005160617828369141e+01 5.982961654663085938e+00 1.114898014068603516e+01 1.207991218566894531e+01 5.409787178039550781e+00
3.640316724777221680e+00 8.782741546630859375e+00 5.289711475372314453e+00 1.032350635528564453e+01 6.025175571441650391e+00 1.136272144317626953e+01 1.262530040740966797e+01 5.397639274597167969e+00
3.690384387969970703e+00 8.855156898498535156e+00 5.306410789489746094e+00 1.050161266326904297e+01 6.065272331237792969e+00 1.154665756225585938e+01 1.305300331115722656e+01 5.406316280364990234e+00
3.729433298110961914e+00 8.923295974731445312e+00 5.342434406280517578e+00 1.057218456268310547e+01 6.101811885833740234e+00 1.170680236816406250e+01 1.336274528503417969e+01 5.431572437286376953e+00
3.755254268646240234e+00 8.993401527404785156e+00 5.388836383819580078e+00 1.057378578186035156e+01 6.136422634124755859e+00 1.184577369689941406e+01 1.357491779327392578e+01 5.464858055114746094e+00
3.770438194274902344e+00 9.062881469726562500e+00 5.436675071716308594e+00 1.052397632598876953e+01 6.165093421936035156e+00 1.195128536224365234e+01 1.372143363952636719e+01 5.496778964996337891e+00
3.778694629669189453e+00 9.125607490539550781e+00 5.480165481567382812e+00 1.045458793640136719e+01 6.188269138336181641e+00 1.202571773529052734e+01 1.382615089416503906e+01 5.528841018676757812e+00
3.786141872406005859e+00 9.184877395629882812e+00 5.522867679595947266e+00 1.040520954132080078e+01 6.207302570343017578e+00 1.208596611022949219e+01 1.391127777099609375e+01 5.560898780822753906e+00
3.795810461044311523e+00 9.250557899475097656e+00 5.560944080352783203e+00 1.037316608428955078e+01 6.218807220458984375e+00 1.214087295532226562e+01 1.398085784912109375e+01 5.588551998138427734e+00
3.805433034896850586e+00 9.311947822570800781e+00 5.592187881469726562e+00 1.034757137298583984e+01 6.222854137420654297e+00 1.218989372253417969e+01 1.402356147766113281e+01 5.611975193023681641e+00
3.814567327499389648e+00 9.368105888366699219e+00 5.621033668518066406e+00 1.032740688323974609e+01 6.221377372741699219e+00 1.223683166503906250e+01 1.404483604431152344e+01 5.631570816040039062e+00
3.823971033096313477e+00 9.427409172058105469e+00 5.655374050140380859e+00 1.031866741180419922e+01 6.221163272857666016e+00 1.227901363372802734e+01 1.405971431732177734e+01 5.646581172943115234e+00
3.834603309631347656e+00 9.489913940429687500e+00 5.696505546569824219e+00 1.031223106384277344e+01 6.221970081329345703e+00 1.231403827667236328e+01 1.407183933258056641e+01 5.649886608123779297e+00
3.848071813583374023e+00 9.558648109436035156e+00 5.740237236022949219e+00 1.030001735687255859e+01 6.232600688934326172e+00 1.233765316009521484e+01 1.408435153961181641e+01 5.645632266998291016e+00
3.862866878509521484e+00 9.637675285339355469e+00 5.790553569793701172e+00 1.028048610687255859e+01 6.245770931243896484e+00 1.235371303558349609e+01 1.410643959045410156e+01 5.641286373138427734e+00
3.877730369567871094e+00 9.722344398498535156e+00 5.846933364868164062e+00 1.026985168457031250e+01 6.255142688751220703e+00 1.236899852752685547e+01 1.414218902587890625e+01 5.641709327697753906e+00
3.892548561096191406e+00 9.803041458129882812e+00 5.906632423400878906e+00 1.026996231079101562e+01 6.263948917388916016e+00 1.239302349090576172e+01 1.417924118041992188e+01 5.647726535797119141e+00
3.907171964645385742e+00 9.888764381408691406e+00 5.961690425872802734e+00 1.028628730773925781e+01 6.273680686950683594e+00 1.243381404876708984e+01 1.420979881286621094e+01 5.652586936950683594e+00
3.921351671218872070e+00 9.990128517150878906e+00 6.004771232604980469e+00 1.034625720977783203e+01 6.281711101531982422e+00 1.249418258666992188e+01 1.423336219787597656e+01 5.653698444366455078e+00
3.935042858123779297e+00 1.009955787658691406e+01 6.032990932464599609e+00 1.041434288024902344e+01 6.282500267028808594e+00 1.256407165527343750e+01 1.426318073272705078e+01 5.653010845184326172e+00
