1.720471343994140625e+02 1.313548583984375000e+02 1.357307128906250000e+02 1.328502044677734375e+02 1.118048400878906250e+02 8.744487762451171875e+01 8.053234863281250000e+01 1.057915573120117188e+02
1.724759368896484375e+02 1.312806243896484375e+02 1.351309967041015625e+02 1.333805694580078125e+02 1.110226974487304688e+02 8.721639251708984375e+01 8.047396087646484375e+01 1.051856307983398438e+02
1.729986419677734375e+02 1.311391143798828125e+02 1.346401214599609375e+02 1.333980255126953125e+02 1.106094970703125000e+02 8.689856719970703125e+01 8.045477294921875000e+01 1.045789947509765625e+02
1.733640747070312500e+02 1.311279449462890625e+02 1.342814941406250000e+02 1.334205322265625000e+02 1.104401855468750000e+02 8.655397796630859375e+01 8.046663665771484375e+01 1.042851791381835938e+02
1.735664672851562500e+02 1.308862915039062500e+02 1.339928741455078125e+02 1.334294738769531250e+02 1.099062881469726562e+02 8.634061431884765625e+01 8.036164855957031250e+01 1.040043640136718750e+02
1.738352661132812500e+02 1.307668609619140625e+02 1.337006683349609375e+02 1.331282958984375000e+02 1.095373916625976562e+02 8.635932922363281250e+01 8.020116424560546875e+01 1.036336822509765625e+02
1.740718994140625000e+02 1.306742095947265625e+02 1.334668273925781250e+02 1.330097808837890625e+02 1.089648742675781250e+02 8.629145050048828125e+01 8.021930694580078125e+01 1.033769836425781250e+02
1.741925201416015625e+02 1.305659027099609375e+02 1.332235260009765625e+02 1.328093414306640625e+02 1.083278579711914062e+02 8.626185607910156250e+01 8.028743743896484375e+01 1.030494537353515625e+02
1.738129272460937500e+02 1.304937133789062500e+02 1.326809692382812500e+02 1.328254089355468750e+02 1.077716522216796875e+02 8.613166046142578125e+01 8.057039642333984375e+01 1.026225891113281250e+02
1.729242095947265625e+02 1.299993896484375000e+02 1.319822235107421875e+02 1.329086456298828125e+02 1.075229568481445312e+02 8.592523956298828125e+01 8.075595855712890625e+01 1.023243942260742188e+02
1.720034637451171875e+02 1.296265411376953125e+02 1.316159667968750000e+02 1.330571594238281250e+02 1.074958572387695312e+02 8.564060211181640625e+01 8.074800872802734375e+01 1.022558746337890625e+02
1.715149383544921875e+02 1.294575500488281250e+02 1.314503936767578125e+02 1.332156982421875000e+02 1.074638595581054688e+02 8.554264068603515625e+01 8.065866088867187500e+01 1.022543716430664062e+02
1.714352264404296875e+02 1.294615325927734375e+02 1.312316894531250000e+02 1.334983367919921875e+02 1.070592727661132812e+02 8.558671569824218750e+01 8.068188476562500000e+01 1.022428741455078125e+02
1.713683471679687500e+02 1.297284240722656250e+02 1.309515228271484375e+02 1.340301513671875000e+02 1.061450958251953125e+02 8.578292846679687500e+01 8.102661895751953125e+01 1.018733062744140625e+02
1.711908721923828125e+02 1.304785308837890625e+02 1.306668395996093750e+02 1.347343750000000000e+02 1.054592971801757812e+02 8.596109008789062500e+01 8.172282409667968750e+01 1.011486282348632812e+02
1.712096405029296875e+02 1.314417419433593750e+02 1.301400604248046875e+02 1.359420318603515625e+02 1.047025146484375000e+02 8.575639343261718750e+01 8.278591156005859375e+01 1.002080993652343750e+02
1.712435455322265625e+02 1.315193481445312500e+02 1.294725646972656250e+02 1.371690063476562500e+02 1.039343872070312500e+02 8.531677246093750000e+01 8.340054321289062500e+01 9.960202789306640625e+01
1.710974731445312500e+02 1.314016571044921875e+02 1.291905670166015625e+02 1.374193267822265625e+02 1.033733978271484375e+02 8.531697082519531250e+01 8.357298278808593750e+01 9.939107513427734375e+01
1.708425903320312500e+02 1.313885192871093750e+02 1.290569915771484375e+02 1.372909545898437500e+02 1.029886779785156250e+02 8.554447937011718750e+01 8.364916992187500000e+01 9.930946350097656250e+01
1.705442810058593750e+02 1.314346466064453125e+02 1.292004547119140625e+02 1.370523834228515625e+02 1.028486099243164062e+02 8.580759429931640625e+01 8.369004821777343750e+01 9.908577728271484375e+01
1.701959533691406250e+02 1.317034149169921875e+02 1.293184661865234375e+02 1.365670776367187500e+02 1.028251800537109375e+02 8.583572387695312500e+01 8.369184875488281250e+01 9.886907196044921875e+01
