1.171075515747070312e+02 7.170027160644531250e+01 8.057320404052734375e+01 8.290622711181640625e+01 8.624727630615234375e+01 4.742724227905273438e+01 5.313465881347656250e+01 7.079311370849609375e+01
1.200204620361328125e+02 7.150430297851562500e+01 7.895796966552734375e+01 8.386157226562500000e+01 8.532883453369140625e+01 4.895505523681640625e+01 5.530271148681640625e+01 7.039560699462890625e+01
1.224282455444335938e+02 7.415861511230468750e+01 8.052404022216796875e+01 8.571576690673828125e+01 8.604834747314453125e+01 5.166389846801757812e+01 5.797922515869140625e+01 7.098581695556640625e+01
1.220541763305664062e+02 7.654653167724609375e+01 7.896585845947265625e+01 8.910272216796875000e+01 8.494519042968750000e+01 5.142367172241210938e+01 5.906878280639648438e+01 7.046433258056640625e+01
1.239627838134765625e+02 7.879174804687500000e+01 8.134368133544921875e+01 9.267137145996093750e+01 8.737785339355468750e+01 5.273954772949218750e+01 6.111832809448242188e+01 7.153510284423828125e+01
1.256391067504882812e+02 8.218283843994140625e+01 8.052657318115234375e+01 9.622980499267578125e+01 8.487781524658203125e+01 5.472691345214843750e+01 6.394135665893554688e+01 7.106587219238281250e+01
1.266647109985351562e+02 8.246789550781250000e+01 8.187754058837890625e+01 9.770323181152343750e+01 8.654625701904296875e+01 5.401959609985351562e+01 6.277910232543945312e+01 7.154041290283203125e+01
1.276205673217773438e+02 8.533706665039062500e+01 7.980027770996093750e+01 9.928796386718750000e+01 8.317967987060546875e+01 5.588470840454101562e+01 6.523425292968750000e+01 7.008155822753906250e+01
1.295856018066406250e+02 8.676961517333984375e+01 8.280345153808593750e+01 1.021550140380859375e+02 8.604293060302734375e+01 5.584763717651367188e+01 6.480770111083984375e+01 7.189828491210937500e+01
1.297483673095703125e+02 8.924847412109375000e+01 8.590908813476562500e+01 1.046455001831054688e+02 8.846122741699218750e+01 5.667462921142578125e+01 6.613562011718750000e+01 7.348698425292968750e+01
1.274556198120117188e+02 9.362585449218750000e+01 8.631183624267578125e+01 1.097936019897460938e+02 8.640620422363281250e+01 5.839373779296875000e+01 6.944815063476562500e+01 7.368438720703125000e+01
1.287169036865234375e+02 9.660134887695312500e+01 8.948577880859375000e+01 1.131462097167968750e+02 8.805617523193359375e+01 5.940298461914062500e+01 7.067875671386718750e+01 7.443576812744140625e+01
1.264995346069335938e+02 9.450542449951171875e+01 8.625451660156250000e+01 1.116732940673828125e+02 8.613726806640625000e+01 5.734725952148437500e+01 6.878079986572265625e+01 7.225316619873046875e+01
1.249305114746093750e+02 9.597511291503906250e+01 8.719565582275390625e+01 1.101475601196289062e+02 8.458514404296875000e+01 5.802138137817382812e+01 6.894239807128906250e+01 7.294823455810546875e+01
1.249595565795898438e+02 9.596414947509765625e+01 8.465592956542968750e+01 1.136578445434570312e+02 8.436763000488281250e+01 5.662910079956054688e+01 6.947116088867187500e+01 7.091571807861328125e+01
1.226018753051757812e+02 9.819586944580078125e+01 8.672962188720703125e+01 1.150063858032226562e+02 8.459297943115234375e+01 5.721533966064453125e+01 7.118991851806640625e+01 7.134529113769531250e+01
1.228395614624023438e+02 9.974833679199218750e+01 8.786984252929687500e+01 1.163818206787109375e+02 8.474793243408203125e+01 5.806550216674804688e+01 7.154225921630859375e+01 7.164382934570312500e+01
1.219454498291015625e+02 9.917449951171875000e+01 8.684243011474609375e+01 1.164090652465820312e+02 8.364599609375000000e+01 5.807831573486328125e+01 7.035014343261718750e+01 7.143152618408203125e+01
1.205457687377929688e+02 9.969345855712890625e+01 8.642759704589843750e+01 1.160076599121093750e+02 8.283871459960937500e+01 5.838226318359375000e+01 7.094781494140625000e+01 7.086238098144531250e+01
1.234311218261718750e+02 9.996639251708984375e+01 8.475559234619140625e+01 1.181114501953125000e+02 8.196316528320312500e+01 5.727643203735351562e+01 7.225194549560546875e+01 6.954457092285156250e+01
1.245518341064453125e+02 1.013932723999023438e+02 8.553100585937500000e+01 1.191799316406250000e+02 8.263533020019531250e+01 5.815008926391601562e+01 7.327966308593750000e+01 7.052784729003906250e+01
