3.872733354568481445e+00 1.006553173065185547e+01 5.602103233337402344e+00 1.134146404266357422e+01 6.070549011230468750e+00 1.185642528533935547e+01 1.440946960449218750e+01 5.228371143341064453e+00
3.895019054412841797e+00 1.023658847808837891e+01 5.620106697082519531e+00 1.164853858947753906e+01 6.126670837402343750e+00 1.164063930511474609e+01 1.418409538269042969e+01 5.255120277404785156e+00
3.958109140396118164e+00 1.019534969329833984e+01 5.522783279418945312e+00 1.163979053497314453e+01 6.138049602508544922e+00 1.170863819122314453e+01 1.415601348876953125e+01 5.338562488555908203e+00
3.974499702453613281e+00 1.029899406433105469e+01 5.702684402465820312e+00 1.150035095214843750e+01 6.190665245056152344e+00 1.156805610656738281e+01 1.414652729034423828e+01 5.307707786560058594e+00
3.995330810546875000e+00 1.020231246948242188e+01 5.604182243347167969e+00 1.144284725189208984e+01 6.186929225921630859e+00 1.173832511901855469e+01 1.400676536560058594e+01 5.349888801574707031e+00
4.014876842498779297e+00 1.029372978210449219e+01 5.584364891052246094e+00 1.152224445343017578e+01 6.118919372558593750e+00 1.182673645019531250e+01 1.419616413116455078e+01 5.368011474609375000e+00
3.998730897903442383e+00 1.023851966857910156e+01 5.714113712310791016e+00 1.141316413879394531e+01 6.188529491424560547e+00 1.178067207336425781e+01 1.424131870269775391e+01 5.328207492828369141e+00
4.233851432800292969e+00 1.023704433441162109e+01 5.676958560943603516e+00 1.130636882781982422e+01 6.233559608459472656e+00 1.198097801208496094e+01 1.419491195678710938e+01 5.440312385559082031e+00
3.988445758819580078e+00 1.041819763183593750e+01 5.905766010284423828e+00 1.137326526641845703e+01 6.287647247314453125e+00 1.180933380126953125e+01 1.441788673400878906e+01 5.375121593475341797e+00
3.992425918579101562e+00 1.029759407043457031e+01 5.833595752716064453e+00 1.134290981292724609e+01 6.279410362243652344e+00 1.191010189056396484e+01 1.430181503295898438e+01 5.390044212341308594e+00
4.054630279541015625e+00 1.019719791412353516e+01 5.769099235534667969e+00 1.127253532409667969e+01 6.269746780395507812e+00 1.192360019683837891e+01 1.429089164733886719e+01 5.421987533569335938e+00
4.014757633209228516e+00 1.013633537292480469e+01 5.798829555511474609e+00 1.117936134338378906e+01 6.345376491546630859e+00 1.190245819091796875e+01 1.422169113159179688e+01 5.404374599456787109e+00
4.031871318817138672e+00 1.037409400939941406e+01 5.935645580291748047e+00 1.117156887054443359e+01 6.260855674743652344e+00 1.180721282958984375e+01 1.433223342895507812e+01 5.414135932922363281e+00
4.245608329772949219e+00 1.032788753509521484e+01 5.946770191192626953e+00 1.117981338500976562e+01 6.360375404357910156e+00 1.210351943969726562e+01 1.439165687561035156e+01 5.467292785644531250e+00
4.036346912384033203e+00 1.024685287475585938e+01 5.748654842376708984e+00 1.127216529846191406e+01 6.270272254943847656e+00 1.184151744842529297e+01 1.429727935791015625e+01 5.387650966644287109e+00
3.985628843307495117e+00 1.033184623718261719e+01 5.850665569305419922e+00 1.124142265319824219e+01 6.268752574920654297e+00 1.186342906951904297e+01 1.435651302337646484e+01 5.410843849182128906e+00
4.199404716491699219e+00 1.048597049713134766e+01 5.978318691253662109e+00 1.137227439880371094e+01 6.359346866607666016e+00 1.197812366485595703e+01 1.443101882934570312e+01 5.511086940765380859e+00
4.068064212799072266e+00 1.046232795715332031e+01 5.942599773406982422e+00 1.136566925048828125e+01 6.353425502777099609e+00 1.176880645751953125e+01 1.434916210174560547e+01 5.430457592010498047e+00
4.064705371856689453e+00 1.054517841339111328e+01 6.019921302795410156e+00 1.138891315460205078e+01 6.340300083160400391e+00 1.182248687744140625e+01 1.429090309143066406e+01 5.444243907928466797e+00
4.130557537078857422e+00 1.047852516174316406e+01 5.918821334838867188e+00 1.139817047119140625e+01 6.289127826690673828e+00 1.186750030517578125e+01 1.423586082458496094e+01 5.433415889739990234e+00
4.123147487640380859e+00 1.050499057769775391e+01 5.947508335113525391e+00 1.136448001861572266e+01 6.253361701965332031e+00 1.182938766479492188e+01 1.437921905517578125e+01 5.431361675262451172e+00
4.136894702911376953e+00 1.043397903442382812e+01 5.988051414489746094e+00 1.130036449432373047e+01 6.297546386718750000e+00 1.186001110076904297e+01 1.419692134857177734e+01 5.442170143127441406e+00
4.125186443328857422e+00 1.051981925964355469e+01 6.029989242553710938e+00 1.129239654541015625e+01 6.305462360382080078e+00 1.190066719055175781e+01 1.426546001434326172e+01 5.443390846252441406e+00
4.137226581573486328e+00 1.059677600860595703e+01 6.101309299468994141e+00 1.130816555023193359e+01 6.289272308349609375e+00 1.183598804473876953e+01 1.418308258056640625e+01 5.437834739685058594e+00
