1.238782424926757812e+02 7.595896911621093750e+01 8.065918731689453125e+01 8.506041717529296875e+01 8.551969146728515625e+01 5.046405792236328125e+01 5.266841506958007812e+01 7.106330871582031250e+01
1.205440826416015625e+02 7.504016876220703125e+01 7.735518646240234375e+01 8.636131286621093750e+01 8.158245086669921875e+01 4.895049667358398438e+01 5.147390365600585938e+01 6.760627746582031250e+01
1.195953826904296875e+02 7.617150878906250000e+01 7.691519927978515625e+01 8.780033874511718750e+01 7.965132904052734375e+01 4.957128906250000000e+01 5.311519622802734375e+01 6.699290466308593750e+01
1.182722549438476562e+02 7.895439910888671875e+01 7.839590454101562500e+01 9.065785980224609375e+01 8.109310150146484375e+01 5.062125396728515625e+01 5.387992095947265625e+01 6.851776885986328125e+01
1.208324050903320312e+02 8.015290069580078125e+01 7.838182067871093750e+01 9.109970092773437500e+01 8.067265319824218750e+01 5.032806396484375000e+01 5.432598876953125000e+01 6.785041809082031250e+01
1.211931686401367188e+02 8.106648254394531250e+01 7.790386962890625000e+01 9.262673187255859375e+01 7.972077178955078125e+01 5.023805236816406250e+01 5.535437011718750000e+01 6.783543395996093750e+01
1.217340698242187500e+02 7.860135650634765625e+01 7.710697174072265625e+01 9.170668029785156250e+01 8.007685089111328125e+01 4.807204055786132812e+01 5.343830108642578125e+01 6.657721710205078125e+01
1.210788116455078125e+02 7.961136627197265625e+01 7.795651245117187500e+01 9.162924194335937500e+01 8.070220947265625000e+01 5.005551147460937500e+01 5.560342025756835938e+01 6.715964508056640625e+01
1.194508209228515625e+02 8.134339141845703125e+01 7.825437927246093750e+01 9.526427459716796875e+01 7.922035980224609375e+01 4.983997726440429688e+01 5.607924270629882812e+01 6.722269439697265625e+01
1.187302474975585938e+02 8.075650787353515625e+01 7.888637542724609375e+01 9.435452270507812500e+01 7.979406738281250000e+01 4.953400421142578125e+01 5.476750183105468750e+01 6.749691009521484375e+01
1.183958358764648438e+02 8.109349822998046875e+01 7.989586639404296875e+01 9.581921386718750000e+01 8.195568084716796875e+01 4.977905273437500000e+01 5.531336975097656250e+01 6.916183471679687500e+01
1.190580673217773438e+02 8.312087249755859375e+01 8.057665252685546875e+01 9.808992767333984375e+01 8.101833343505859375e+01 5.016113281250000000e+01 5.657627868652343750e+01 6.884980010986328125e+01
1.210796356201171875e+02 7.903523254394531250e+01 7.919072723388671875e+01 9.455564880371093750e+01 8.213656616210937500e+01 4.722727584838867188e+01 5.323137664794921875e+01 6.711602783203125000e+01
1.202042846679687500e+02 7.794431304931640625e+01 8.003085327148437500e+01 9.285530090332031250e+01 8.246233367919921875e+01 4.861919021606445312e+01 5.297706604003906250e+01 6.847766113281250000e+01
1.191189041137695312e+02 7.896452331542968750e+01 7.731061553955078125e+01 9.396385955810546875e+01 8.049451446533203125e+01 4.739328384399414062e+01 5.416002655029296875e+01 6.648025512695312500e+01
1.169847793579101562e+02 7.897425079345703125e+01 7.828832244873046875e+01 9.233760833740234375e+01 8.116608428955078125e+01 4.708722305297851562e+01 5.329281234741210938e+01 6.665982055664062500e+01
1.173915405273437500e+02 8.007045745849609375e+01 7.841346740722656250e+01 9.268052673339843750e+01 8.013324737548828125e+01 4.720112609863281250e+01 5.345264816284179688e+01 6.662191009521484375e+01
1.204500961303710938e+02 7.899598693847656250e+01 7.945641326904296875e+01 9.167536163330078125e+01 8.178574371337890625e+01 4.647585678100585938e+01 5.180516433715820312e+01 6.642124938964843750e+01
1.206307220458984375e+02 7.892723083496093750e+01 8.011150360107421875e+01 9.054735565185546875e+01 8.253566741943359375e+01 4.850114822387695312e+01 5.276544952392578125e+01 6.751471710205078125e+01
1.170889511108398438e+02 8.063716125488281250e+01 7.953089141845703125e+01 9.302432250976562500e+01 8.055966949462890625e+01 4.812102127075195312e+01 5.450114059448242188e+01 6.630267333984375000e+01
1.201348876953125000e+02 8.002353668212890625e+01 7.917051696777343750e+01 9.331996917724609375e+01 8.077806854248046875e+01 4.771850967407226562e+01 5.398019027709960938e+01 6.648682403564453125e+01
