3.923211336135864258e+00 1.015754795074462891e+01 5.646357536315917969e+00 1.130587959289550781e+01 6.095254421234130859e+00 1.191556358337402344e+01 1.448226642608642578e+01 5.246088504791259766e+00
3.933334350585937500e+00 1.037232112884521484e+01 5.667161941528320312e+00 1.159219551086425781e+01 6.146408557891845703e+00 1.170987415313720703e+01 1.428954982757568359e+01 5.265480995178222656e+00
4.002590179443359375e+00 1.033482074737548828e+01 5.574818611145019531e+00 1.162455654144287109e+01 6.158329963684082031e+00 1.179605579376220703e+01 1.429771137237548828e+01 5.337292671203613281e+00
4.002168178558349609e+00 1.048575592041015625e+01 5.751003742218017578e+00 1.152052021026611328e+01 6.205888748168945312e+00 1.163356018066406250e+01 1.428796672821044922e+01 5.302786350250244141e+00
4.039311408996582031e+00 1.034176349639892578e+01 5.664043426513671875e+00 1.146971416473388672e+01 6.220432758331298828e+00 1.179842376708984375e+01 1.415695571899414062e+01 5.336065292358398438e+00
4.058953285217285156e+00 1.044266510009765625e+01 5.637574195861816406e+00 1.159588718414306641e+01 6.164748191833496094e+00 1.187700557708740234e+01 1.431424140930175781e+01 5.362827301025390625e+00
4.037681579589843750e+00 1.040930843353271484e+01 5.770898342132568359e+00 1.151080989837646484e+01 6.227966785430908203e+00 1.183125019073486328e+01 1.436488151550292969e+01 5.312839508056640625e+00
4.314870357513427734e+00 1.038198089599609375e+01 5.715527534484863281e+00 1.137565612792968750e+01 6.291122436523437500e+00 1.202060413360595703e+01 1.429472827911376953e+01 5.409772396087646484e+00
4.032054901123046875e+00 1.062082386016845703e+01 5.947899818420410156e+00 1.149794483184814453e+01 6.340663909912109375e+00 1.183965015411376953e+01 1.452251911163330078e+01 5.353794574737548828e+00
4.054617404937744141e+00 1.045459556579589844e+01 5.894475936889648438e+00 1.141462707519531250e+01 6.339409828186035156e+00 1.193725013732910156e+01 1.436571025848388672e+01 5.372572422027587891e+00
4.123174190521240234e+00 1.034376907348632812e+01 5.834618568420410156e+00 1.134438896179199219e+01 6.333327293395996094e+00 1.195497798919677734e+01 1.435430431365966797e+01 5.406277656555175781e+00
4.065917968750000000e+00 1.028888034820556641e+01 5.857904434204101562e+00 1.124813175201416016e+01 6.393245697021484375e+00 1.192342567443847656e+01 1.425671577453613281e+01 5.381161212921142578e+00
4.091309070587158203e+00 1.053058242797851562e+01 5.992680072784423828e+00 1.125681304931640625e+01 6.318937301635742188e+00 1.182182693481445312e+01 1.437381267547607422e+01 5.389161109924316406e+00
4.341877460479736328e+00 1.046710109710693359e+01 5.977017402648925781e+00 1.127707195281982422e+01 6.441534042358398438e+00 1.211224651336669922e+01 1.443342399597167969e+01 5.426976680755615234e+00
4.097404479980468750e+00 1.035609340667724609e+01 5.809541702270507812e+00 1.135035037994384766e+01 6.344073295593261719e+00 1.183985519409179688e+01 1.434011459350585938e+01 5.372200489044189453e+00
4.043758869171142578e+00 1.044947433471679688e+01 5.897072315216064453e+00 1.134087276458740234e+01 6.327253818511962891e+00 1.185787582397460938e+01 1.440379810333251953e+01 5.384967327117919922e+00
4.285516738891601562e+00 1.054499053955078125e+01 5.975114822387695312e+00 1.143891525268554688e+01 6.389420986175537109e+00 1.192889785766601562e+01 1.443721580505371094e+01 5.445691108703613281e+00
4.127872467041015625e+00 1.052737808227539062e+01 5.969918727874755859e+00 1.142897510528564453e+01 6.403451442718505859e+00 1.172375202178955078e+01 1.438220500946044922e+01 5.392675399780273438e+00
4.145111560821533203e+00 1.059850406646728516e+01 6.041328430175781250e+00 1.145037174224853516e+01 6.380093574523925781e+00 1.177909660339355469e+01 1.432149219512939453e+01 5.397999763488769531e+00
4.228441238403320312e+00 1.053151512145996094e+01 5.963620185852050781e+00 1.145479679107666016e+01 6.335389137268066406e+00 1.183279895782470703e+01 1.425755119323730469e+01 5.395077228546142578e+00
4.212108135223388672e+00 1.053184127807617188e+01 5.974302291870117188e+00 1.142446231842041016e+01 6.290939807891845703e+00 1.177389049530029297e+01 1.439655113220214844e+01 5.391083240509033203e+00
4.239714622497558594e+00 1.046418285369873047e+01 6.026840209960937500e+00 1.134016513824462891e+01 6.336831569671630859e+00 1.181330776214599609e+01 1.420997142791748047e+01 5.401572704315185547e+00
4.225578308105468750e+00 1.052871417999267578e+01 6.045099258422851562e+00 1.134372425079345703e+01 6.338366031646728516e+00 1.183229160308837891e+01 1.426545333862304688e+01 5.399207115173339844e+00
4.240138053894042969e+00 1.059442043304443359e+01 6.116623878479003906e+00 1.134290981292724609e+01 6.322227478027343750e+00 1.176135730743408203e+01 1.416535949707031250e+01 5.392708778381347656e+00
