1.239223175048828125e+02 7.397885894775390625e+01 7.882094573974609375e+01 8.303852844238281250e+01 8.343948364257812500e+01 4.966822814941406250e+01 5.286244201660156250e+01 6.942928314208984375e+01
1.218331756591796875e+02 7.264260101318359375e+01 7.579956054687500000e+01 8.362477111816406250e+01 8.000375366210937500e+01 4.831561279296875000e+01 5.114182662963867188e+01 6.601759338378906250e+01
1.211511840820312500e+02 7.396870422363281250e+01 7.574848175048828125e+01 8.490585327148437500e+01 7.810060119628906250e+01 4.913964462280273438e+01 5.266610336303710938e+01 6.542661285400390625e+01
1.192515258789062500e+02 7.699173736572265625e+01 7.648477172851562500e+01 8.790046691894531250e+01 7.920586395263671875e+01 4.982744979858398438e+01 5.372005844116210938e+01 6.674829101562500000e+01
1.219584503173828125e+02 7.810144805908203125e+01 7.640553283691406250e+01 8.896169281005859375e+01 7.875431060791015625e+01 4.971042633056640625e+01 5.417022323608398438e+01 6.593077850341796875e+01
1.222189254760742188e+02 7.879364013671875000e+01 7.602085113525390625e+01 9.042868804931640625e+01 7.771369934082031250e+01 4.971977233886718750e+01 5.516233825683593750e+01 6.607783508300781250e+01
1.236678085327148438e+02 7.742936706542968750e+01 7.548503875732421875e+01 8.935877990722656250e+01 7.797868347167968750e+01 4.788239669799804688e+01 5.316803741455078125e+01 6.487388610839843750e+01
1.227012634277343750e+02 7.843125915527343750e+01 7.544460296630859375e+01 8.975768280029296875e+01 7.842785644531250000e+01 4.988338470458984375e+01 5.587102127075195312e+01 6.536579132080078125e+01
1.212506561279296875e+02 8.015411376953125000e+01 7.565379333496093750e+01 9.297417449951171875e+01 7.692893218994140625e+01 4.968458175659179688e+01 5.632439422607421875e+01 6.532246398925781250e+01
1.203637008666992188e+02 7.934748077392578125e+01 7.630686187744140625e+01 9.241915893554687500e+01 7.776689910888671875e+01 4.920277404785156250e+01 5.482789993286132812e+01 6.582608032226562500e+01
1.196733474731445312e+02 7.948230743408203125e+01 7.732087707519531250e+01 9.360055541992187500e+01 7.971732330322265625e+01 4.963600158691406250e+01 5.553741455078125000e+01 6.762163543701171875e+01
1.200228881835937500e+02 8.209371948242187500e+01 7.763299560546875000e+01 9.626982116699218750e+01 7.846007537841796875e+01 5.032727050781250000e+01 5.704169082641601562e+01 6.718949127197265625e+01
1.235090942382812500e+02 7.854567718505859375e+01 7.665371704101562500e+01 9.305558013916015625e+01 7.971555328369140625e+01 4.746591949462890625e+01 5.372853088378906250e+01 6.567308044433593750e+01
1.217918243408203125e+02 7.716317749023437500e+01 7.736206054687500000e+01 9.174967193603515625e+01 8.023312377929687500e+01 4.897533035278320312e+01 5.367901229858398438e+01 6.720094299316406250e+01
1.225415039062500000e+02 7.833888244628906250e+01 7.445695495605468750e+01 9.323118591308593750e+01 7.808518218994140625e+01 4.762535476684570312e+01 5.482072830200195312e+01 6.514326477050781250e+01
1.201021499633789062e+02 7.796330261230468750e+01 7.505691528320312500e+01 9.179209899902343750e+01 7.868853759765625000e+01 4.708228302001953125e+01 5.392547225952148438e+01 6.533168792724609375e+01
1.209425506591796875e+02 7.863716125488281250e+01 7.476873779296875000e+01 9.250857543945312500e+01 7.755240631103515625e+01 4.711388015747070312e+01 5.407582092285156250e+01 6.526429748535156250e+01
1.245815048217773438e+02 7.807389831542968750e+01 7.648182678222656250e+01 9.143264007568359375e+01 7.920838165283203125e+01 4.661245727539062500e+01 5.254375457763671875e+01 6.518583679199218750e+01
1.241352386474609375e+02 7.764588928222656250e+01 7.679557037353515625e+01 9.037957000732421875e+01 8.009323120117187500e+01 4.849978637695312500e+01 5.356218338012695312e+01 6.631074523925781250e+01
1.203742752075195312e+02 7.911431121826171875e+01 7.588598632812500000e+01 9.240235137939453125e+01 7.790824127197265625e+01 4.790613555908203125e+01 5.533752059936523438e+01 6.493048858642578125e+01
1.232292938232421875e+02 7.894733428955078125e+01 7.585263824462890625e+01 9.285851287841796875e+01 7.821305847167968750e+01 4.735911178588867188e+01 5.480096435546875000e+01 6.541162109375000000e+01
