1.872587323188781738e+00 5.447599411010742188e+00 3.744755506515502930e+00 5.718090057373046875e+00 3.381007909774780273e+00 5.788201808929443359e+00 6.557320117950439453e+00 3.220937967300415039e+00
3.713798046112060547e+00 1.049352169036865234e+01 6.706701278686523438e+00 1.112596321105957031e+01 6.122813224792480469e+00 1.048826503753662109e+01 1.247165298461914062e+01 5.521757602691650391e+00
4.654359817504882812e+00 1.302777481079101562e+01 8.066724777221679688e+00 1.379883766174316406e+01 7.506065845489501953e+00 1.312722873687744141e+01 1.575349426269531250e+01 6.773150444030761719e+00
5.185064792633056641e+00 1.425365161895751953e+01 8.688661575317382812e+00 1.505159091949462891e+01 8.271781921386718750e+00 1.461424446105957031e+01 1.759070968627929688e+01 7.497204780578613281e+00
5.525616645812988281e+00 1.481854152679443359e+01 8.961965560913085938e+00 1.557133769989013672e+01 8.657653808593750000e+00 1.537025642395019531e+01 1.855523872375488281e+01 7.895150184631347656e+00
5.763955116271972656e+00 1.503526401519775391e+01 9.107603073120117188e+00 1.580205726623535156e+01 8.848694801330566406e+00 1.565530109405517578e+01 1.903440093994140625e+01 8.120066642761230469e+00
5.946566104888916016e+00 1.519989109039306641e+01 9.215329170227050781e+00 1.587413787841796875e+01 8.975978851318359375e+00 1.568671417236328125e+01 1.915055465698242188e+01 8.265664100646972656e+00
6.086926460266113281e+00 1.531562042236328125e+01 9.294446945190429688e+00 1.579269790649414062e+01 9.086717605590820312e+00 1.563843536376953125e+01 1.894942092895507812e+01 8.377590179443359375e+00
6.201142787933349609e+00 1.530404186248779297e+01 9.342734336853027344e+00 1.569835758209228516e+01 9.090705871582031250e+00 1.559320735931396484e+01 1.867290306091308594e+01 8.498664855957031250e+00
6.297894477844238281e+00 1.520392990112304688e+01 9.337345123291015625e+00 1.562247085571289062e+01 9.122533798217773438e+00 1.562924289703369141e+01 1.856303977966308594e+01 8.581508636474609375e+00
6.385664463043212891e+00 1.522740650177001953e+01 9.366119384765625000e+00 1.556873798370361328e+01 9.155570983886718750e+00 1.567354774475097656e+01 1.859791946411132812e+01 8.649455070495605469e+00
6.458676338195800781e+00 1.530163383483886719e+01 9.441665649414062500e+00 1.563801479339599609e+01 9.217931747436523438e+00 1.583550548553466797e+01 1.874291038513183594e+01 8.725566864013671875e+00
6.525051116943359375e+00 1.547537803649902344e+01 9.519343376159667969e+00 1.585609626770019531e+01 9.177446365356445312e+00 1.597664451599121094e+01 1.894657325744628906e+01 8.781832695007324219e+00
6.584040164947509766e+00 1.557896614074707031e+01 9.566645622253417969e+00 1.593302440643310547e+01 9.115292549133300781e+00 1.601621818542480469e+01 1.912468147277832031e+01 8.812674522399902344e+00
6.618716239929199219e+00 1.563816738128662109e+01 9.592933654785156250e+00 1.591795730590820312e+01 9.136846542358398438e+00 1.602327728271484375e+01 1.922502517700195312e+01 8.853446960449218750e+00
6.636616706848144531e+00 1.568010044097900391e+01 9.564268112182617188e+00 1.582064533233642578e+01 9.194807052612304688e+00 1.602814674377441406e+01 1.922934722900390625e+01 8.888632774353027344e+00
6.658177375793457031e+00 1.564671802520751953e+01 9.501659393310546875e+00 1.574647808074951172e+01 9.185160636901855469e+00 1.596705150604248047e+01 1.922799491882324219e+01 8.895279884338378906e+00
6.698040008544921875e+00 1.563468647003173828e+01 9.461764335632324219e+00 1.580415439605712891e+01 9.149619102478027344e+00 1.596276760101318359e+01 1.928358459472656250e+01 8.916378974914550781e+00
6.756826400756835938e+00 1.564673519134521484e+01 9.452158927917480469e+00 1.584161376953125000e+01 9.114890098571777344e+00 1.602170753479003906e+01 1.929201316833496094e+01 8.935188293457031250e+00
6.794457435607910156e+00 1.562546157836914062e+01 9.485769271850585938e+00 1.582907199859619141e+01 9.119564056396484375e+00 1.605991363525390625e+01 1.922628402709960938e+01 8.948182106018066406e+00
6.813262939453125000e+00 1.563773822784423828e+01 9.530395507812500000e+00 1.587094974517822266e+01 9.139627456665039062e+00 1.609043884277343750e+01 1.923089790344238281e+01 8.968587875366210938e+00
6.842803955078125000e+00 1.566544342041015625e+01 9.530244827270507812e+00 1.589720153808593750e+01 9.098811149597167969e+00 1.612191009521484375e+01 1.928130722045898438e+01 9.001686096191406250e+00
6.887177944183349609e+00 1.563976573944091797e+01 9.465379714965820312e+00 1.596034336090087891e+01 9.030931472778320312e+00 1.612233543395996094e+01 1.927295303344726562e+01 9.026638031005859375e+00
6.924547672271728516e+00 1.563137722015380859e+01 9.449728965759277344e+00 1.599398422241210938e+01 9.013128280639648438e+00 1.610497474670410156e+01 1.921039772033691406e+01 9.058400154113769531e+00
