5.318222999572753906e+00 1.134316062927246094e+01 7.091214179992675781e+00 1.155527114868164062e+01 6.719324588775634766e+00 1.189702701568603516e+01 1.424187755584716797e+01 6.670173168182373047e+00
5.262331485748291016e+00 1.132945728302001953e+01 7.030895233154296875e+00 1.150471687316894531e+01 6.667366981506347656e+00 1.188882732391357422e+01 1.406388187408447266e+01 6.634575366973876953e+00
5.282389640808105469e+00 1.138518142700195312e+01 7.058655738830566406e+00 1.158560085296630859e+01 6.683948993682861328e+00 1.190924167633056641e+01 1.416013240814208984e+01 6.647244453430175781e+00
5.186020851135253906e+00 1.126552295684814453e+01 6.997750282287597656e+00 1.147724533081054688e+01 6.676212787628173828e+00 1.185582542419433594e+01 1.399452114105224609e+01 6.626544952392578125e+00
5.235087394714355469e+00 1.132768726348876953e+01 7.059445858001708984e+00 1.157595920562744141e+01 6.694074630737304688e+00 1.189006614685058594e+01 1.408058261871337891e+01 6.648236751556396484e+00
5.212710380554199219e+00 1.134483242034912109e+01 7.053164958953857422e+00 1.159016609191894531e+01 6.696617126464843750e+00 1.190593242645263672e+01 1.412804794311523438e+01 6.655002593994140625e+00
5.202472686767578125e+00 1.135368442535400391e+01 7.069675922393798828e+00 1.158411216735839844e+01 6.714255332946777344e+00 1.191482067108154297e+01 1.412809848785400391e+01 6.673384189605712891e+00
5.297991275787353516e+00 1.139506816864013672e+01 7.125256538391113281e+00 1.155429077148437500e+01 6.716700077056884766e+00 1.198915004730224609e+01 1.416471767425537109e+01 6.681786537170410156e+00
5.247831821441650391e+00 1.137040805816650391e+01 7.097284317016601562e+00 1.162394142150878906e+01 6.737620830535888672e+00 1.197470951080322266e+01 1.415261650085449219e+01 6.746599674224853516e+00
5.262850284576416016e+00 1.138867568969726562e+01 7.126749992370605469e+00 1.166928291320800781e+01 6.746130943298339844e+00 1.195277118682861328e+01 1.416799926757812500e+01 6.722155570983886719e+00
5.282017707824707031e+00 1.140697097778320312e+01 7.149073123931884766e+00 1.165134143829345703e+01 6.753853321075439453e+00 1.195746898651123047e+01 1.423398876190185547e+01 6.722999572753906250e+00
5.266826629638671875e+00 1.137007236480712891e+01 7.105839252471923828e+00 1.161433601379394531e+01 6.756257534027099609e+00 1.194727802276611328e+01 1.418953514099121094e+01 6.705366134643554688e+00
5.281326770782470703e+00 1.141883850097656250e+01 7.153779983520507812e+00 1.163541126251220703e+01 6.764426231384277344e+00 1.199220180511474609e+01 1.423962211608886719e+01 6.736926555633544922e+00
5.349452018737792969e+00 1.143455314636230469e+01 7.189679145812988281e+00 1.157848072052001953e+01 6.771541118621826172e+00 1.202394390106201172e+01 1.426064014434814453e+01 6.729124546051025391e+00
5.343253612518310547e+00 1.144358539581298828e+01 7.182800769805908203e+00 1.162888526916503906e+01 6.805198192596435547e+00 1.197421932220458984e+01 1.428883361816406250e+01 6.790018558502197266e+00
5.340713024139404297e+00 1.144278717041015625e+01 7.172013282775878906e+00 1.164545631408691406e+01 6.798785686492919922e+00 1.196184253692626953e+01 1.430190372467041016e+01 6.763477802276611328e+00
5.442461490631103516e+00 1.141490077972412109e+01 7.220469474792480469e+00 1.159544658660888672e+01 6.793646812438964844e+00 1.196466732025146484e+01 1.427639293670654297e+01 6.736617088317871094e+00
5.384665012359619141e+00 1.141811943054199219e+01 7.194982051849365234e+00 1.164923667907714844e+01 6.820724010467529297e+00 1.195489120483398438e+01 1.428608131408691406e+01 6.798412322998046875e+00
5.383979797363281250e+00 1.143066310882568359e+01 7.194518566131591797e+00 1.166416931152343750e+01 6.805036544799804688e+00 1.196869373321533203e+01 1.427957344055175781e+01 6.765750408172607422e+00
5.400702953338623047e+00 1.144488525390625000e+01 7.234066009521484375e+00 1.165574932098388672e+01 6.814195156097412109e+00 1.200347518920898438e+01 1.432632255554199219e+01 6.762562274932861328e+00
5.387021064758300781e+00 1.146684265136718750e+01 7.215010643005371094e+00 1.169338321685791016e+01 6.821012973785400391e+00 1.200971126556396484e+01 1.435517692565917969e+01 6.768411636352539062e+00
5.386365890502929688e+00 1.146746349334716797e+01 7.230033874511718750e+00 1.166211128234863281e+01 6.814569473266601562e+00 1.200605678558349609e+01 1.431830310821533203e+01 6.766318321228027344e+00
5.396096229553222656e+00 1.150156688690185547e+01 7.247773170471191406e+00 1.170913124084472656e+01 6.814369201660156250e+00 1.203343105316162109e+01 1.436488723754882812e+01 6.767488002777099609e+00
5.387767791748046875e+00 1.149456787109375000e+01 7.256127834320068359e+00 1.169460868835449219e+01 6.814816474914550781e+00 1.202935409545898438e+01 1.433656215667724609e+01 6.768742084503173828e+00
