4.538162231445312500e+01 4.698351287841796875e+01 4.076778793334960938e+01 5.853845977783203125e+01 4.693848800659179688e+01 2.838893127441406250e+01 3.250856018066406250e+01 3.781281280517578125e+01
9.115606689453125000e+01 8.244377899169921875e+01 7.267583465576171875e+01 1.002156066894531250e+02 8.573180389404296875e+01 5.044737243652343750e+01 5.889550018310546875e+01 6.821429443359375000e+01
1.122224044799804688e+02 9.088716125488281250e+01 8.121171569824218750e+01 1.074058532714843750e+02 9.552378082275390625e+01 5.454356002807617188e+01 6.309767913818359375e+01 7.519500732421875000e+01
1.237197113037109375e+02 9.553804779052734375e+01 8.754819488525390625e+01 1.122608795166015625e+02 1.013772735595703125e+02 5.649916458129882812e+01 6.542052459716796875e+01 8.025795745849609375e+01
1.298793334960937500e+02 9.845943450927734375e+01 9.116278839111328125e+01 1.143635101318359375e+02 1.029004821777343750e+02 5.797355270385742188e+01 6.644314575195312500e+01 8.224855041503906250e+01
1.336855621337890625e+02 9.969070434570312500e+01 9.272052001953125000e+01 1.146332244873046875e+02 1.054904861450195312e+02 5.910034179687500000e+01 6.719615173339843750e+01 8.290831756591796875e+01
1.356018524169921875e+02 1.018252716064453125e+02 9.501124572753906250e+01 1.157471008300781250e+02 1.088336639404296875e+02 5.986575317382812500e+01 6.896457672119140625e+01 8.464348602294921875e+01
1.353269348144531250e+02 1.018296585083007812e+02 9.558299255371093750e+01 1.176417846679687500e+02 1.103821334838867188e+02 6.040436553955078125e+01 6.960924530029296875e+01 8.475820922851562500e+01
1.348535156250000000e+02 1.031016006469726562e+02 9.661362457275390625e+01 1.187503890991210938e+02 1.091520996093750000e+02 6.105789184570312500e+01 7.099902343750000000e+01 8.490451049804687500e+01
1.355797576904296875e+02 1.030670242309570312e+02 9.766416931152343750e+01 1.178339614868164062e+02 1.092823867797851562e+02 6.210126495361328125e+01 7.177725219726562500e+01 8.651035308837890625e+01
1.367753448486328125e+02 1.044638900756835938e+02 9.975164794921875000e+01 1.184126968383789062e+02 1.106266555786132812e+02 6.409524536132812500e+01 7.273894500732421875e+01 8.843076324462890625e+01
1.376736907958984375e+02 1.074130630493164062e+02 1.017910766601562500e+02 1.206891403198242188e+02 1.113785095214843750e+02 6.584001922607421875e+01 7.460588836669921875e+01 8.964807128906250000e+01
1.399055786132812500e+02 1.101361770629882812e+02 1.023885345458984375e+02 1.230011596679687500e+02 1.124020614624023438e+02 6.667181396484375000e+01 7.608610534667968750e+01 9.011455535888671875e+01
1.428065643310546875e+02 1.122500457763671875e+02 1.042566680908203125e+02 1.269531555175781250e+02 1.143157501220703125e+02 6.782797241210937500e+01 7.712366485595703125e+01 9.167583465576171875e+01
1.452999267578125000e+02 1.137497558593750000e+02 1.057039566040039062e+02 1.286614685058593750e+02 1.145657348632812500e+02 7.009069824218750000e+01 7.801814270019531250e+01 9.271235656738281250e+01
1.476175384521484375e+02 1.157634735107421875e+02 1.073037414550781250e+02 1.308832397460937500e+02 1.143435821533203125e+02 7.218029022216796875e+01 7.998397827148437500e+01 9.406801605224609375e+01
1.503542327880859375e+02 1.179494094848632812e+02 1.092723464965820312e+02 1.312418823242187500e+02 1.149473114013671875e+02 7.366643524169921875e+01 8.054615020751953125e+01 9.487662506103515625e+01
1.528357696533203125e+02 1.195237808227539062e+02 1.114141235351562500e+02 1.331285705566406250e+02 1.161301040649414062e+02 7.518303680419921875e+01 8.153765106201171875e+01 9.723983764648437500e+01
1.544430084228515625e+02 1.206341705322265625e+02 1.133999099731445312e+02 1.343660430908203125e+02 1.182959976196289062e+02 7.591848754882812500e+01 8.285269927978515625e+01 9.789265441894531250e+01
1.561080932617187500e+02 1.225404052734375000e+02 1.154991302490234375e+02 1.359151000976562500e+02 1.201806716918945312e+02 7.708769226074218750e+01 8.400615692138671875e+01 9.907126617431640625e+01
1.588735656738281250e+02 1.248871536254882812e+02 1.170145645141601562e+02 1.369882354736328125e+02 1.222844467163085938e+02 7.856594848632812500e+01 8.516195678710937500e+01 1.005369338989257812e+02
