1.238996582031250000e+02 7.576800537109375000e+01 7.932153320312500000e+01 8.468343353271484375e+01 8.341359710693359375e+01 5.059430694580078125e+01 5.390352630615234375e+01 6.996533203125000000e+01
1.205801849365234375e+02 7.495534515380859375e+01 7.622222137451171875e+01 8.572707366943359375e+01 7.979594421386718750e+01 4.918326187133789062e+01 5.255047225952148438e+01 6.645925903320312500e+01
1.191727676391601562e+02 7.622499847412109375e+01 7.593708038330078125e+01 8.748060607910156250e+01 7.792787170410156250e+01 4.993075561523437500e+01 5.419791030883789062e+01 6.562827301025390625e+01
1.176325759887695312e+02 7.904649353027343750e+01 7.746483612060546875e+01 9.019782257080078125e+01 7.961026763916015625e+01 5.100823593139648438e+01 5.519476699829101562e+01 6.761644744873046875e+01
1.200978775024414062e+02 8.025901031494140625e+01 7.748361968994140625e+01 9.076676940917968750e+01 7.909600067138671875e+01 5.090803146362304688e+01 5.555335235595703125e+01 6.679396820068359375e+01
1.205115509033203125e+02 8.108394622802734375e+01 7.717978668212890625e+01 9.247698974609375000e+01 7.812983703613281250e+01 5.096276473999023438e+01 5.660742568969726562e+01 6.696800994873046875e+01
1.208084106445312500e+02 7.908639526367187500e+01 7.630254364013671875e+01 9.108943176269531250e+01 7.842552185058593750e+01 4.847367858886718750e+01 5.429976654052734375e+01 6.563799285888671875e+01
1.205971374511718750e+02 7.981613922119140625e+01 7.698149108886718750e+01 9.167306518554687500e+01 7.922750854492187500e+01 5.054008483886718750e+01 5.677068710327148438e+01 6.630742645263671875e+01
1.185108108520507812e+02 8.129552459716796875e+01 7.757782745361328125e+01 9.487918090820312500e+01 7.785962677001953125e+01 5.027384185791015625e+01 5.716376113891601562e+01 6.639888763427734375e+01
1.179874191284179688e+02 8.085011291503906250e+01 7.828710937500000000e+01 9.377253723144531250e+01 7.864865112304687500e+01 4.990738677978515625e+01 5.559204483032226562e+01 6.678187561035156250e+01
1.182119445800781250e+02 8.123121643066406250e+01 7.953408050537109375e+01 9.526625061035156250e+01 8.087922668457031250e+01 5.048408126831054688e+01 5.641420745849609375e+01 6.861942291259765625e+01
1.188673019409179688e+02 8.392400360107421875e+01 8.003991699218750000e+01 9.757514190673828125e+01 7.983982849121093750e+01 5.107427215576171875e+01 5.798632049560546875e+01 6.822898101806640625e+01
1.209156494140625000e+02 7.914714813232421875e+01 7.823104095458984375e+01 9.422863769531250000e+01 8.072795104980468750e+01 4.736851119995117188e+01 5.413337326049804688e+01 6.616075134277343750e+01
1.204153518676757812e+02 7.808483886718750000e+01 7.920549774169921875e+01 9.248701477050781250e+01 8.115641021728515625e+01 4.909896087646484375e+01 5.402196884155273438e+01 6.775318145751953125e+01
1.197005844116210938e+02 7.927477264404296875e+01 7.636387634277343750e+01 9.358122253417968750e+01 7.916379547119140625e+01 4.786217117309570312e+01 5.527598190307617188e+01 6.569670104980468750e+01
1.176278228759765625e+02 7.888706207275390625e+01 7.729974365234375000e+01 9.188833618164062500e+01 7.996505737304687500e+01 4.756184768676757812e+01 5.443389892578125000e+01 6.602371978759765625e+01
1.179827804565429688e+02 8.005937957763671875e+01 7.762117767333984375e+01 9.211198425292968750e+01 7.883841705322265625e+01 4.781450271606445312e+01 5.450874328613281250e+01 6.613150787353515625e+01
1.206850814819335938e+02 7.910475921630859375e+01 7.846376800537109375e+01 9.121574401855468750e+01 8.021778869628906250e+01 4.704113388061523438e+01 5.291702270507812500e+01 6.571784210205078125e+01
1.206387329101562500e+02 7.869239807128906250e+01 7.899214172363281250e+01 9.012975311279296875e+01 8.137781524658203125e+01 4.888308715820312500e+01 5.381937789916992188e+01 6.698632049560546875e+01
1.167897186279296875e+02 8.005297851562500000e+01 7.851775360107421875e+01 9.215038299560546875e+01 7.944486236572265625e+01 4.863208007812500000e+01 5.568486785888671875e+01 6.582990264892578125e+01
1.199278793334960938e+02 7.990846252441406250e+01 7.837212371826171875e+01 9.247493743896484375e+01 7.952686309814453125e+01 4.811169433593750000e+01 5.508214569091796875e+01 6.609779357910156250e+01
