9.814086914062500000e+01 7.728299713134765625e+01 7.284266662597656250e+01 8.517182922363281250e+01 7.944209289550781250e+01 4.752953720092773438e+01 5.306275558471679688e+01 6.598522186279296875e+01
1.175668487548828125e+02 7.794681549072265625e+01 7.191610717773437500e+01 8.898763275146484375e+01 7.916436004638671875e+01 4.625099945068359375e+01 5.235904693603515625e+01 6.475679016113281250e+01
1.278360290527343750e+02 7.892217254638671875e+01 7.298785400390625000e+01 9.044347381591796875e+01 7.896533203125000000e+01 4.690158843994140625e+01 5.276116943359375000e+01 6.531904602050781250e+01
1.321094055175781250e+02 7.970306396484375000e+01 7.394776916503906250e+01 9.110137176513671875e+01 7.880054473876953125e+01 4.729104995727539062e+01 5.294842529296875000e+01 6.585993194580078125e+01
1.343352661132812500e+02 8.032159423828125000e+01 7.468781280517578125e+01 9.166479492187500000e+01 7.871324157714843750e+01 4.752983856201171875e+01 5.331967926025390625e+01 6.622797393798828125e+01
1.360372924804687500e+02 8.069545745849609375e+01 7.557061004638671875e+01 9.222747802734375000e+01 7.886517333984375000e+01 4.753223800659179688e+01 5.364461135864257812e+01 6.651108551025390625e+01
1.372136230468750000e+02 8.117838287353515625e+01 7.646252441406250000e+01 9.273605346679687500e+01 7.914865112304687500e+01 4.772185897827148438e+01 5.373482513427734375e+01 6.685974884033203125e+01
1.376058197021484375e+02 8.165047454833984375e+01 7.733538818359375000e+01 9.307877349853515625e+01 7.931904602050781250e+01 4.792951583862304688e+01 5.387289047241210938e+01 6.712712860107421875e+01
1.374868774414062500e+02 8.216910552978515625e+01 7.784150695800781250e+01 9.308673858642578125e+01 7.955153656005859375e+01 4.818395614624023438e+01 5.423525238037109375e+01 6.731855010986328125e+01
1.375460815429687500e+02 8.245174407958984375e+01 7.808415222167968750e+01 9.366411590576171875e+01 8.044659423828125000e+01 4.846240615844726562e+01 5.503599548339843750e+01 6.769809722900390625e+01
1.374917602539062500e+02 8.266343688964843750e+01 7.879694366455078125e+01 9.504632568359375000e+01 8.164366912841796875e+01 4.869407653808593750e+01 5.611165237426757812e+01 6.829301452636718750e+01
1.377880249023437500e+02 8.314559173583984375e+01 7.945394134521484375e+01 9.764832305908203125e+01 8.258207702636718750e+01 4.892251205444335938e+01 5.743544769287109375e+01 6.872335052490234375e+01
1.385242614746093750e+02 8.329325103759765625e+01 7.976451873779296875e+01 1.000443649291992188e+02 8.286421203613281250e+01 4.895571136474609375e+01 5.836962509155273438e+01 6.913703918457031250e+01
1.393347015380859375e+02 8.366684722900390625e+01 8.012875366210937500e+01 1.007580413818359375e+02 8.268051910400390625e+01 4.894760513305664062e+01 5.865859985351562500e+01 6.934487152099609375e+01
1.402192993164062500e+02 8.482287597656250000e+01 8.072077941894531250e+01 1.019656372070312500e+02 8.295654296875000000e+01 4.912532806396484375e+01 5.926765823364257812e+01 6.932695007324218750e+01
1.419742584228515625e+02 8.648313140869140625e+01 8.138629150390625000e+01 1.040824432373046875e+02 8.316587066650390625e+01 4.928973007202148438e+01 6.043853378295898438e+01 6.923239898681640625e+01
1.445532836914062500e+02 8.737167358398437500e+01 8.212055969238281250e+01 1.056588363647460938e+02 8.298659515380859375e+01 4.934778976440429688e+01 6.100999450683593750e+01 6.937196350097656250e+01
1.470695648193359375e+02 8.799865722656250000e+01 8.325599670410156250e+01 1.060294952392578125e+02 8.266317749023437500e+01 4.970355224609375000e+01 6.102882385253906250e+01 6.973448181152343750e+01
1.490410156250000000e+02 8.871775817871093750e+01 8.457321929931640625e+01 1.060649871826171875e+02 8.221421813964843750e+01 5.028712844848632812e+01 6.098627853393554688e+01 7.007531738281250000e+01
1.504196777343750000e+02 8.902120208740234375e+01 8.584320831298828125e+01 1.063121032714843750e+02 8.208890533447265625e+01 5.108955764770507812e+01 6.106493759155273438e+01 7.032244873046875000e+01
1.522497711181640625e+02 8.897512817382812500e+01 8.686048889160156250e+01 1.063183364868164062e+02 8.205787658691406250e+01 5.180430603027343750e+01 6.110769271850585938e+01 7.080541992187500000e+01
