1.239954528808593750e+02 7.416223907470703125e+01 7.994354248046875000e+01 8.375186157226562500e+01 8.550476837158203125e+01 4.958715057373046875e+01 5.183754730224609375e+01 7.046013641357421875e+01
1.221323776245117188e+02 7.295700073242187500e+01 7.682632446289062500e+01 8.453336334228515625e+01 8.187551879882812500e+01 4.812570190429687500e+01 5.034534454345703125e+01 6.720712280273437500e+01
1.214241790771484375e+02 7.420005035400390625e+01 7.680815124511718750e+01 8.567632293701171875e+01 7.999261474609375000e+01 4.892028427124023438e+01 5.169859695434570312e+01 6.678617858886718750e+01
1.194418792724609375e+02 7.701698303222656250e+01 7.739296722412109375e+01 8.845805358886718750e+01 8.084407806396484375e+01 4.940972518920898438e+01 5.251809310913085938e+01 6.764777374267578125e+01
1.221996536254882812e+02 7.805877685546875000e+01 7.736270904541015625e+01 8.953005981445312500e+01 8.040650939941406250e+01 4.925921249389648438e+01 5.314420700073242188e+01 6.687177276611328125e+01
1.224162826538085938e+02 7.880109405517578125e+01 7.702821350097656250e+01 9.086587524414062500e+01 7.949472808837890625e+01 4.924008178710937500e+01 5.403499221801757812e+01 6.691353607177734375e+01
1.239711608886718750e+02 7.755893707275390625e+01 7.661489868164062500e+01 8.983014678955078125e+01 7.976054382324218750e+01 4.773062515258789062e+01 5.251105117797851562e+01 6.581278991699218750e+01
1.230654678344726562e+02 7.847341156005859375e+01 7.643327331542968750e+01 9.033925628662109375e+01 8.007862091064453125e+01 4.955406570434570312e+01 5.500399398803710938e+01 6.622163391113281250e+01
1.218144683837890625e+02 8.014865112304687500e+01 7.666333007812500000e+01 9.359605407714843750e+01 7.859432983398437500e+01 4.938565444946289062e+01 5.544901657104492188e+01 6.617063903808593750e+01
1.209635772705078125e+02 7.939588928222656250e+01 7.735590362548828125e+01 9.311870574951171875e+01 7.929636383056640625e+01 4.892384338378906250e+01 5.403243637084960938e+01 6.663205718994140625e+01
1.202114257812500000e+02 7.933257293701171875e+01 7.818618774414062500e+01 9.410732269287109375e+01 8.103617858886718750e+01 4.912994766235351562e+01 5.444064712524414062e+01 6.824301147460937500e+01
1.205636062622070312e+02 8.187603759765625000e+01 7.846424865722656250e+01 9.668289184570312500e+01 7.981200408935546875e+01 4.974167633056640625e+01 5.592874526977539062e+01 6.780073547363281250e+01
1.241430664062500000e+02 7.865352630615234375e+01 7.782341766357421875e+01 9.358857727050781250e+01 8.138031005859375000e+01 4.744182586669921875e+01 5.301339721679687500e+01 6.659455871582031250e+01
1.222978744506835938e+02 7.718529510498046875e+01 7.847855377197265625e+01 9.233343505859375000e+01 8.164105224609375000e+01 4.874458312988281250e+01 5.299743270874023438e+01 6.800015258789062500e+01
1.231045913696289062e+02 7.849658203125000000e+01 7.556609344482421875e+01 9.400421142578125000e+01 7.961783599853515625e+01 4.748773956298828125e+01 5.413594055175781250e+01 6.600264739990234375e+01
1.204893417358398438e+02 7.804402160644531250e+01 7.616291046142578125e+01 9.259194183349609375e+01 8.013118743896484375e+01 4.682529830932617188e+01 5.314563751220703125e+01 6.603675079345703125e+01
1.213464584350585938e+02 7.886854553222656250e+01 7.581126403808593750e+01 9.336491394042968750e+01 7.894449615478515625e+01 4.680201339721679688e+01 5.346920776367187500e+01 6.589794921875000000e+01
1.249359817504882812e+02 7.833990478515625000e+01 7.752081298828125000e+01 9.218247222900390625e+01 8.068852233886718750e+01 4.647559356689453125e+01 5.181724166870117188e+01 6.588168334960937500e+01
1.243905029296875000e+02 7.779360961914062500e+01 7.776109313964843750e+01 9.120119476318359375e+01 8.138667297363281250e+01 4.821701431274414062e+01 5.282638931274414062e+01 6.683946228027343750e+01
1.206116333007812500e+02 7.928312683105468750e+01 7.687682342529296875e+01 9.330644989013671875e+01 7.923421478271484375e+01 4.754470443725585938e+01 5.434908294677734375e+01 6.546553802490234375e+01
1.233880233764648438e+02 7.926420593261718750e+01 7.693048858642578125e+01 9.380448150634765625e+01 7.960725402832031250e+01 4.714401626586914062e+01 5.393563461303710938e+01 6.591201019287109375e+01
