1.152840728759765625e+02 7.093412780761718750e+01 7.529411315917968750e+01 9.059888458251953125e+01 8.331810760498046875e+01 4.457439041137695312e+01 5.442121505737304688e+01 6.432191467285156250e+01 7.938847351074218750e+01
1.152898712158203125e+02 7.105923461914062500e+01 7.505987548828125000e+01 9.056091308593750000e+01 8.293452453613281250e+01 4.460747528076171875e+01 5.433179473876953125e+01 6.423468780517578125e+01 7.941422271728515625e+01
1.157187500000000000e+02 7.109493255615234375e+01 7.523376464843750000e+01 9.024139404296875000e+01 8.268041229248046875e+01 4.478402328491210938e+01 5.422404861450195312e+01 6.426024627685546875e+01 7.951976013183593750e+01
1.162413864135742188e+02 7.148531341552734375e+01 7.578633117675781250e+01 9.012950897216796875e+01 8.275523376464843750e+01 4.503221130371093750e+01 5.426242828369140625e+01 6.426967620849609375e+01 7.970924377441406250e+01
1.166066436767578125e+02 7.205499267578125000e+01 7.623142242431640625e+01 9.038442230224609375e+01 8.292306518554687500e+01 4.512251281738281250e+01 5.432002258300781250e+01 6.438355255126953125e+01 7.985833740234375000e+01
1.168089370727539062e+02 7.246810913085937500e+01 7.652706146240234375e+01 9.090914916992187500e+01 8.335823059082031250e+01 4.518411636352539062e+01 5.443815612792968750e+01 6.466065216064453125e+01 8.002182769775390625e+01
1.170774917602539062e+02 7.266693878173828125e+01 7.698359680175781250e+01 9.136248016357421875e+01 8.355360412597656250e+01 4.517789840698242188e+01 5.458574295043945312e+01 6.496401977539062500e+01 8.009740447998046875e+01
1.173135528564453125e+02 7.289927673339843750e+01 7.742352294921875000e+01 9.168286895751953125e+01 8.358626556396484375e+01 4.523953628540039062e+01 5.459325790405273438e+01 6.516606140136718750e+01 8.012489318847656250e+01
1.174335861206054688e+02 7.317417144775390625e+01 7.788107299804687500e+01 9.192788696289062500e+01 8.344888305664062500e+01 4.529135894775390625e+01 5.452315139770507812e+01 6.533657836914062500e+01 8.009319305419921875e+01
1.170545425415039062e+02 7.348874664306640625e+01 7.812976837158203125e+01 9.191183471679687500e+01 8.338717651367187500e+01 4.546355819702148438e+01 5.440116500854492188e+01 6.544800567626953125e+01 8.000723266601562500e+01
1.162108001708984375e+02 7.381627655029296875e+01 7.833068847656250000e+01 9.182636260986328125e+01 8.367678070068359375e+01 4.558391189575195312e+01 5.431513977050781250e+01 6.555737304687500000e+01 7.988438415527343750e+01
1.155374374389648438e+02 7.383306121826171875e+01 7.866654968261718750e+01 9.168125915527343750e+01 8.376118469238281250e+01 4.549166488647460938e+01 5.423371124267578125e+01 6.557480621337890625e+01 7.978499603271484375e+01
1.153248214721679688e+02 7.377198028564453125e+01 7.886215972900390625e+01 9.183934020996093750e+01 8.375127410888671875e+01 4.556157684326171875e+01 5.415955352783203125e+01 6.541405487060546875e+01 7.973123931884765625e+01
1.153287277221679688e+02 7.379502105712890625e+01 7.888428497314453125e+01 9.212195587158203125e+01 8.337165832519531250e+01 4.549487686157226562e+01 5.414750289916992188e+01 6.535915374755859375e+01 7.970301818847656250e+01
1.153055267333984375e+02 7.351305389404296875e+01 7.859008026123046875e+01 9.215705108642578125e+01 8.280152893066406250e+01 4.537810134887695312e+01 5.376512527465820312e+01 6.512633514404296875e+01 7.964055633544921875e+01
