4.976200485229492188e+01 4.889017868041992188e+01 4.350177764892578125e+01 6.130228042602539062e+01 4.906148147583007812e+01 2.799350166320800781e+01 3.185695075988769531e+01 4.012498474121093750e+01 4.388368225097656250e+01
1.010537567138671875e+02 8.268718719482421875e+01 7.538706970214843750e+01 1.004219207763671875e+02 8.931620025634765625e+01 4.860263442993164062e+01 5.738007354736328125e+01 7.448376464843750000e+01 7.834460449218750000e+01
1.274444427490234375e+02 8.767808532714843750e+01 8.422939300537109375e+01 1.009938735961914062e+02 9.661297607421875000e+01 5.305668258666992188e+01 5.985801315307617188e+01 8.113087463378906250e+01 8.881224060058593750e+01
1.385608215332031250e+02 9.252985382080078125e+01 9.377374267578125000e+01 1.049125747680664062e+02 1.033937911987304688e+02 5.764079666137695312e+01 6.132144165039062500e+01 8.868663024902343750e+01 9.558717346191406250e+01
1.460607147216796875e+02 9.982982635498046875e+01 9.979224395751953125e+01 1.127658004760742188e+02 1.087835922241210938e+02 6.056993103027343750e+01 6.520491027832031250e+01 9.391866302490234375e+01 1.010601119995117188e+02
1.518053436279296875e+02 1.037709579467773438e+02 1.025809097290039062e+02 1.134518051147460938e+02 1.126690826416015625e+02 6.152911758422851562e+01 6.614950561523437500e+01 9.500683593750000000e+01 1.040510940551757812e+02
1.492166137695312500e+02 1.035236206054687500e+02 1.034241714477539062e+02 1.124269866943359375e+02 1.119080963134765625e+02 6.029407501220703125e+01 6.380672073364257812e+01 9.181138610839843750e+01 1.043678436279296875e+02
1.443692169189453125e+02 1.047288513183593750e+02 1.028067169189453125e+02 1.218102569580078125e+02 1.095249404907226562e+02 6.099372100830078125e+01 6.598929595947265625e+01 9.094702911376953125e+01 1.059956970214843750e+02
1.398029785156250000e+02 1.072346496582031250e+02 1.030848083496093750e+02 1.203796463012695312e+02 1.076080780029296875e+02 6.393943786621093750e+01 6.686974334716796875e+01 8.910582733154296875e+01 1.053056488037109375e+02
1.386678771972656250e+02 1.043934707641601562e+02 1.072364730834960938e+02 1.177319183349609375e+02 1.116680984497070312e+02 6.521021270751953125e+01 6.860200500488281250e+01 9.093561553955078125e+01 1.061631469726562500e+02
1.425645599365234375e+02 1.056528015136718750e+02 1.097752532958984375e+02 1.214768524169921875e+02 1.137265777587890625e+02 6.420251464843750000e+01 7.075952148437500000e+01 9.213816070556640625e+01 1.075551376342773438e+02
1.497467956542968750e+02 1.061320495605468750e+02 1.094552688598632812e+02 1.182458801269531250e+02 1.148815917968750000e+02 6.436704254150390625e+01 6.920061492919921875e+01 9.089268493652343750e+01 1.080241699218750000e+02
1.565307922363281250e+02 1.070537567138671875e+02 1.100381011962890625e+02 1.188794403076171875e+02 1.124994277954101562e+02 6.630990600585937500e+01 6.705670166015625000e+01 8.925974273681640625e+01 1.088285598754882812e+02
1.631410980224609375e+02 1.092157135009765625e+02 1.127925872802734375e+02 1.251847381591796875e+02 1.186713867187500000e+02 6.518243408203125000e+01 6.941783142089843750e+01 9.521951293945312500e+01 1.115539550781250000e+02
1.665680541992187500e+02 1.091907577514648438e+02 1.142332077026367188e+02 1.198845062255859375e+02 1.203031234741210938e+02 6.716116333007812500e+01 6.875640869140625000e+01 9.721353149414062500e+01 1.131532516479492188e+02
