1.007605438232421875e+02 7.018270111083984375e+01 6.653855895996093750e+01 8.749765777587890625e+01 7.445680236816406250e+01 4.429147338867187500e+01 4.911421203613281250e+01 6.289834976196289062e+01 7.217337799072265625e+01
1.037832565307617188e+02 7.065931701660156250e+01 6.761148834228515625e+01 8.751104736328125000e+01 7.612249755859375000e+01 4.447769165039062500e+01 4.923271560668945312e+01 6.405919647216796875e+01 7.361188507080078125e+01
1.071581115722656250e+02 7.165016937255859375e+01 6.888984680175781250e+01 8.728292846679687500e+01 7.681317138671875000e+01 4.506267166137695312e+01 4.938549804687500000e+01 6.525320434570312500e+01 7.503799438476562500e+01
1.110156402587890625e+02 7.248735809326171875e+01 6.995340728759765625e+01 8.750246429443359375e+01 7.711219024658203125e+01 4.548237228393554688e+01 4.978591918945312500e+01 6.599161529541015625e+01 7.642206573486328125e+01
1.146686782836914062e+02 7.318608093261718750e+01 7.105528259277343750e+01 8.797013854980468750e+01 7.730681610107421875e+01 4.564156723022460938e+01 5.013946533203125000e+01 6.657143402099609375e+01 7.769993591308593750e+01
1.175234680175781250e+02 7.381286621093750000e+01 7.205237579345703125e+01 8.878547668457031250e+01 7.768032836914062500e+01 4.580957412719726562e+01 5.070356750488281250e+01 6.702486419677734375e+01 7.887281799316406250e+01
1.195582580566406250e+02 7.422077178955078125e+01 7.290042114257812500e+01 8.966767120361328125e+01 7.862333679199218750e+01 4.605568695068359375e+01 5.127706527709960938e+01 6.740261840820312500e+01 7.980223846435546875e+01
1.209588470458984375e+02 7.448600769042968750e+01 7.384369659423828125e+01 9.011360168457031250e+01 7.962971496582031250e+01 4.629725646972656250e+01 5.163108444213867188e+01 6.801683044433593750e+01 8.054795074462890625e+01
1.218366317749023438e+02 7.486943054199218750e+01 7.494091796875000000e+01 9.016928863525390625e+01 8.057178497314453125e+01 4.633784484863281250e+01 5.194263076782226562e+01 6.854595947265625000e+01 8.110862731933593750e+01
1.220364379882812500e+02 7.542909240722656250e+01 7.569024658203125000e+01 8.993428039550781250e+01 8.143640136718750000e+01 4.659146881103515625e+01 5.207484817504882812e+01 6.876690673828125000e+01 8.152322387695312500e+01
1.220702133178710938e+02 7.648954010009765625e+01 7.625915527343750000e+01 8.993983459472656250e+01 8.253227233886718750e+01 4.698571395874023438e+01 5.238976287841796875e+01 6.891637420654296875e+01 8.186577606201171875e+01
1.221266098022460938e+02 7.750994110107421875e+01 7.704315948486328125e+01 9.083350372314453125e+01 8.357566833496093750e+01 4.710815811157226562e+01 5.267457962036132812e+01 6.909900665283203125e+01 8.227357482910156250e+01
1.222606048583984375e+02 7.824630737304687500e+01 7.762325286865234375e+01 9.226723480224609375e+01 8.441175079345703125e+01 4.730898666381835938e+01 5.305477905273437500e+01 6.925763702392578125e+01 8.257751464843750000e+01
1.215119628906250000e+02 7.839685821533203125e+01 7.778462982177734375e+01 9.320705413818359375e+01 8.440528106689453125e+01 4.736825180053710938e+01 5.363899993896484375e+01 6.948699951171875000e+01 8.253744506835937500e+01
1.195303039550781250e+02 7.661291503906250000e+01 7.679335784912109375e+01 9.241884613037109375e+01 8.349925231933593750e+01 4.709320068359375000e+01 5.356868362426757812e+01 6.901367950439453125e+01 8.187120056152343750e+01
