4.252877235412597656e+00 1.042355442047119141e+01 8.047122955322265625e+00 1.223367500305175781e+01 8.553699493408203125e+00 1.345898818969726562e+01 1.582831382751464844e+01 1.076620960235595703e+01
4.250857830047607422e+00 1.059000301361083984e+01 7.924398422241210938e+00 1.251743507385253906e+01 8.460291862487792969e+00 1.313404464721679688e+01 1.550468635559082031e+01 1.064519023895263672e+01
4.354978084564208984e+00 1.054202938079833984e+01 8.054923057556152344e+00 1.252114295959472656e+01 8.659635543823242188e+00 1.331054401397705078e+01 1.543899440765380859e+01 1.092153263092041016e+01
4.322361469268798828e+00 1.063253784179687500e+01 7.937500476837158203e+00 1.236422157287597656e+01 8.520386695861816406e+00 1.304861640930175781e+01 1.533353328704833984e+01 1.064104652404785156e+01
4.405985832214355469e+00 1.057088088989257812e+01 8.085297584533691406e+00 1.230027484893798828e+01 8.675932884216308594e+00 1.334448528289794922e+01 1.524982547760009766e+01 1.084692382812500000e+01
4.413888454437255859e+00 1.066020011901855469e+01 8.153242111206054688e+00 1.230634403228759766e+01 8.725630760192871094e+00 1.346544075012207031e+01 1.543558883666992188e+01 1.101865005493164062e+01
4.378934860229492188e+00 1.059521389007568359e+01 8.136949539184570312e+00 1.224257755279541016e+01 8.705423355102539062e+00 1.342382144927978516e+01 1.544477939605712891e+01 1.082693767547607422e+01
4.593826293945312500e+00 1.055355453491210938e+01 8.099213600158691406e+00 1.210371398925781250e+01 8.818720817565917969e+00 1.360984706878662109e+01 1.538015174865722656e+01 1.089169502258300781e+01
4.360898494720458984e+00 1.073698139190673828e+01 8.188102722167968750e+00 1.215653419494628906e+01 8.756608009338378906e+00 1.342502880096435547e+01 1.558817005157470703e+01 1.073589324951171875e+01
4.369328975677490234e+00 1.063115596771240234e+01 8.330221176147460938e+00 1.211946582794189453e+01 8.857154846191406250e+00 1.364555931091308594e+01 1.546812152862548828e+01 1.094802856445312500e+01
4.462137222290039062e+00 1.054355049133300781e+01 8.468688011169433594e+00 1.204836845397949219e+01 9.028107643127441406e+00 1.380958175659179688e+01 1.546188545227050781e+01 1.123030185699462891e+01
4.427244663238525391e+00 1.051409053802490234e+01 8.500719070434570312e+00 1.196934700012207031e+01 9.171350479125976562e+00 1.382378673553466797e+01 1.534939861297607422e+01 1.129589748382568359e+01
4.446770191192626953e+00 1.070944881439208984e+01 8.468850135803222656e+00 1.190240192413330078e+01 8.940814018249511719e+00 1.374068450927734375e+01 1.550096511840820312e+01 1.115183544158935547e+01
4.650583267211914062e+00 1.067615032196044922e+01 8.399341583251953125e+00 1.184959125518798828e+01 8.958808898925781250e+00 1.406805992126464844e+01 1.552119255065917969e+01 1.108135318756103516e+01
4.473271369934082031e+00 1.063234615325927734e+01 8.581837654113769531e+00 1.200462818145751953e+01 9.176856040954589844e+00 1.386167144775390625e+01 1.547539520263671875e+01 1.134918117523193359e+01
4.416959285736083984e+00 1.075771331787109375e+01 8.610410690307617188e+00 1.196082115173339844e+01 9.116952896118164062e+00 1.395085048675537109e+01 1.554223060607910156e+01 1.139089298248291016e+01
4.591895580291748047e+00 1.091651821136474609e+01 8.513952255249023438e+00 1.207732391357421875e+01 9.063828468322753906e+00 1.403977108001708984e+01 1.563892650604248047e+01 1.122052383422851562e+01
4.493509292602539062e+00 1.094592189788818359e+01 8.655295372009277344e+00 1.206632232666015625e+01 9.216686248779296875e+00 1.392176246643066406e+01 1.558693027496337891e+01 1.138640975952148438e+01
4.478044986724853516e+00 1.107677173614501953e+01 8.706235885620117188e+00 1.212787055969238281e+01 9.102262496948242188e+00 1.397503471374511719e+01 1.553905200958251953e+01 1.136877441406250000e+01
4.572469711303710938e+00 1.105405712127685547e+01 8.774059295654296875e+00 1.214328289031982422e+01 9.150200843811035156e+00 1.408033657073974609e+01 1.549991226196289062e+01 1.148403263092041016e+01
4.572056770324707031e+00 1.112644195556640625e+01 8.845378875732421875e+00 1.210747051239013672e+01 9.199045181274414062e+00 1.410808753967285156e+01 1.564764022827148438e+01 1.160499286651611328e+01
4.598605155944824219e+00 1.108646106719970703e+01 8.963782310485839844e+00 1.206154155731201172e+01 9.254834175109863281e+00 1.416778564453125000e+01 1.551252460479736328e+01 1.157234382629394531e+01
4.602941513061523438e+00 1.122983455657958984e+01 8.981416702270507812e+00 1.204225063323974609e+01 9.246306419372558594e+00 1.424306774139404297e+01 1.559264469146728516e+01 1.160380840301513672e+01
4.588657379150390625e+00 1.133032989501953125e+01 9.067476272583007812e+00 1.208200073242187500e+01 9.250582695007324219e+00 1.421220397949218750e+01 1.550862216949462891e+01 1.156596374511718750e+01
