3.927500009536743164e+00 8.703294754028320312e+00 5.619158267974853516e+00 8.309189796447753906e+00 5.911305427551269531e+00 1.146167755126953125e+01 1.038007068634033203e+01 5.499500274658203125e+00
3.894972562789916992e+00 8.802082061767578125e+00 5.634563446044921875e+00 8.480570793151855469e+00 5.882829189300537109e+00 1.173573780059814453e+01 1.074802970886230469e+01 5.567231178283691406e+00
3.888238430023193359e+00 9.020446777343750000e+00 5.733366966247558594e+00 8.843939781188964844e+00 5.935198307037353516e+00 1.212141513824462891e+01 1.134519577026367188e+01 5.678181648254394531e+00
3.866475582122802734e+00 9.314347267150878906e+00 5.848192691802978516e+00 9.312656402587890625e+00 6.003510475158691406e+00 1.253646850585937500e+01 1.199536037445068359e+01 5.759626865386962891e+00
3.827683448791503906e+00 9.602782249450683594e+00 5.923124313354492188e+00 9.760170936584472656e+00 6.059092521667480469e+00 1.290485954284667969e+01 1.261407661437988281e+01 5.808283805847167969e+00
3.794290065765380859e+00 9.841229438781738281e+00 5.963102340698242188e+00 1.019989299774169922e+01 6.108130931854248047e+00 1.317214775085449219e+01 1.326241207122802734e+01 5.830910682678222656e+00
3.784257173538208008e+00 1.003218173980712891e+01 6.015663146972656250e+00 1.056618976593017578e+01 6.156660079956054688e+00 1.339572048187255859e+01 1.390155982971191406e+01 5.857613086700439453e+00
3.779489994049072266e+00 1.015931415557861328e+01 6.032584190368652344e+00 1.087536144256591797e+01 6.195425510406494141e+00 1.345030498504638672e+01 1.451237392425537109e+01 5.851077079772949219e+00
3.814514160156250000e+00 1.024835491180419922e+01 6.096687316894531250e+00 1.115780448913574219e+01 6.241971015930175781e+00 1.349660778045654297e+01 1.507095909118652344e+01 5.861648082733154297e+00
3.863113164901733398e+00 1.029075813293457031e+01 6.163705825805664062e+00 1.143489170074462891e+01 6.301883220672607422e+00 1.344908523559570312e+01 1.550586509704589844e+01 5.866222381591796875e+00
3.923723459243774414e+00 1.031803989410400391e+01 6.224468708038330078e+00 1.166701698303222656e+01 6.371644496917724609e+00 1.337360286712646484e+01 1.581592369079589844e+01 5.879404544830322266e+00
3.988341808319091797e+00 1.031695652008056641e+01 6.267363548278808594e+00 1.185022449493408203e+01 6.436305999755859375e+00 1.325705623626708984e+01 1.598908519744873047e+01 5.884119987487792969e+00
4.058322429656982422e+00 1.031419563293457031e+01 6.317999839782714844e+00 1.195595264434814453e+01 6.496734142303466797e+00 1.321049594879150391e+01 1.602870178222656250e+01 5.891368865966796875e+00
4.123595237731933594e+00 1.032174968719482422e+01 6.353574752807617188e+00 1.202517604827880859e+01 6.547840118408203125e+00 1.320106029510498047e+01 1.593712520599365234e+01 5.909142017364501953e+00
4.183539390563964844e+00 1.034885883331298828e+01 6.372566223144531250e+00 1.202263832092285156e+01 6.585962295532226562e+00 1.324145507812500000e+01 1.578352642059326172e+01 5.928972244262695312e+00
4.235998630523681641e+00 1.037759304046630859e+01 6.389631748199462891e+00 1.196507835388183594e+01 6.619914054870605469e+00 1.335382843017578125e+01 1.565544033050537109e+01 5.959455966949462891e+00
4.281691551208496094e+00 1.042332649230957031e+01 6.381594657897949219e+00 1.187667751312255859e+01 6.655602931976318359e+00 1.342944622039794922e+01 1.547056770324707031e+01 5.962130546569824219e+00
4.318650722503662109e+00 1.045548152923583984e+01 6.384557723999023438e+00 1.180132961273193359e+01 6.695343494415283203e+00 1.351236820220947266e+01 1.536013507843017578e+01 5.976322174072265625e+00
4.347305774688720703e+00 1.050571060180664062e+01 6.395875930786132812e+00 1.174497699737548828e+01 6.729491710662841797e+00 1.360766506195068359e+01 1.528074645996093750e+01 6.004589080810546875e+00
4.367724418640136719e+00 1.056630706787109375e+01 6.401838302612304688e+00 1.175227642059326172e+01 6.756599426269531250e+00 1.363428211212158203e+01 1.523501014709472656e+01 6.030500888824462891e+00
4.380822181701660156e+00 1.063947486877441406e+01 6.402576923370361328e+00 1.175584506988525391e+01 6.764432430267333984e+00 1.363979911804199219e+01 1.519922256469726562e+01 6.047919273376464844e+00
4.389135837554931641e+00 1.069196224212646484e+01 6.401609897613525391e+00 1.178655052185058594e+01 6.766050815582275391e+00 1.360034656524658203e+01 1.507569217681884766e+01 6.051749229431152344e+00
4.398969650268554688e+00 1.073027801513671875e+01 6.412162780761718750e+00 1.189763736724853516e+01 6.762444496154785156e+00 1.358752536773681641e+01 1.494702529907226562e+01 6.061244964599609375e+00
4.406673431396484375e+00 1.076165580749511719e+01 6.424246788024902344e+00 1.201905345916748047e+01 6.760123252868652344e+00 1.359257316589355469e+01 1.480353355407714844e+01 6.062206745147705078e+00
