1.152898712158203125e+02 7.105923461914062500e+01 7.505987548828125000e+01 9.056091308593750000e+01 8.293452453613281250e+01 4.460747528076171875e+01 5.433179473876953125e+01 6.423468780517578125e+01
1.157187500000000000e+02 7.109493255615234375e+01 7.523376464843750000e+01 9.024139404296875000e+01 8.268041229248046875e+01 4.478402328491210938e+01 5.422404861450195312e+01 6.426024627685546875e+01
1.162413864135742188e+02 7.148531341552734375e+01 7.578633117675781250e+01 9.012950897216796875e+01 8.275523376464843750e+01 4.503221130371093750e+01 5.426242828369140625e+01 6.426967620849609375e+01
1.166066436767578125e+02 7.205499267578125000e+01 7.623142242431640625e+01 9.038442230224609375e+01 8.292306518554687500e+01 4.512251281738281250e+01 5.432002258300781250e+01 6.438355255126953125e+01
1.168089370727539062e+02 7.246810913085937500e+01 7.652706146240234375e+01 9.090914916992187500e+01 8.335823059082031250e+01 4.518411636352539062e+01 5.443815612792968750e+01 6.466065216064453125e+01
1.170774917602539062e+02 7.266693878173828125e+01 7.698359680175781250e+01 9.136248016357421875e+01 8.355360412597656250e+01 4.517789840698242188e+01 5.458574295043945312e+01 6.496401977539062500e+01
1.173135528564453125e+02 7.289927673339843750e+01 7.742352294921875000e+01 9.168286895751953125e+01 8.358626556396484375e+01 4.523953628540039062e+01 5.459325790405273438e+01 6.516606140136718750e+01
1.174335861206054688e+02 7.317417144775390625e+01 7.788107299804687500e+01 9.192788696289062500e+01 8.344888305664062500e+01 4.529135894775390625e+01 5.452315139770507812e+01 6.533657836914062500e+01
1.170545425415039062e+02 7.348874664306640625e+01 7.812976837158203125e+01 9.191183471679687500e+01 8.338717651367187500e+01 4.546355819702148438e+01 5.440116500854492188e+01 6.544800567626953125e+01
1.162108001708984375e+02 7.381627655029296875e+01 7.833068847656250000e+01 9.182636260986328125e+01 8.367678070068359375e+01 4.558391189575195312e+01 5.431513977050781250e+01 6.555737304687500000e+01
1.155374374389648438e+02 7.383306121826171875e+01 7.866654968261718750e+01 9.168125915527343750e+01 8.376118469238281250e+01 4.549166488647460938e+01 5.423371124267578125e+01 6.557480621337890625e+01
1.153248214721679688e+02 7.377198028564453125e+01 7.886215972900390625e+01 9.183934020996093750e+01 8.375127410888671875e+01 4.556157684326171875e+01 5.415955352783203125e+01 6.541405487060546875e+01
1.153287277221679688e+02 7.379502105712890625e+01 7.888428497314453125e+01 9.212195587158203125e+01 8.337165832519531250e+01 4.549487686157226562e+01 5.414750289916992188e+01 6.535915374755859375e+01
1.153055267333984375e+02 7.351305389404296875e+01 7.859008026123046875e+01 9.215705108642578125e+01 8.280152893066406250e+01 4.537810134887695312e+01 5.376512527465820312e+01 6.512633514404296875e+01
1.152576599121093750e+02 7.378730010986328125e+01 7.848085784912109375e+01 9.162815093994140625e+01 8.287176513671875000e+01 4.551953887939453125e+01 5.359310150146484375e+01 6.480947113037109375e+01
1.150791473388671875e+02 7.430529022216796875e+01 7.841560363769531250e+01 9.180432128906250000e+01 8.271852111816406250e+01 4.548722076416015625e+01 5.409141159057617188e+01 6.444595336914062500e+01
1.148731155395507812e+02 7.429167175292968750e+01 7.809928894042968750e+01 9.213188934326171875e+01 8.220322418212890625e+01 4.537005233764648438e+01 5.416453552246093750e+01 6.401264190673828125e+01
1.146980361938476562e+02 7.423174285888671875e+01 7.795155334472656250e+01 9.231568145751953125e+01 8.164247894287109375e+01 4.536043548583984375e+01 5.400900268554687500e+01 6.380195617675781250e+01
1.144458160400390625e+02 7.420602416992187500e+01 7.782208251953125000e+01 9.233339691162109375e+01 8.143147277832031250e+01 4.540813446044921875e+01 5.386777877807617188e+01 6.372988510131835938e+01
1.141907424926757812e+02 7.421510314941406250e+01 7.783793640136718750e+01 9.268688201904296875e+01 8.162313842773437500e+01 4.554213714599609375e+01 5.389902496337890625e+01 6.366425323486328125e+01
1.139178848266601562e+02 7.402094268798828125e+01 7.776094055175781250e+01 9.276757049560546875e+01 8.174031066894531250e+01 4.551825332641601562e+01 5.404893493652343750e+01 6.386098480224609375e+01
