4.978364944458007812e+01 4.874648666381835938e+01 4.378720092773437500e+01 6.155269241333007812e+01 4.906238555908203125e+01 2.816381072998046875e+01 3.173652458190917969e+01 4.023876190185546875e+01
1.016433181762695312e+02 8.283406829833984375e+01 7.617720794677734375e+01 1.003991165161132812e+02 8.945088958740234375e+01 4.899373626708984375e+01 5.728170013427734375e+01 7.477883148193359375e+01
1.286563415527343750e+02 8.843818664550781250e+01 8.520650482177734375e+01 1.013805389404296875e+02 9.690082550048828125e+01 5.351467514038085938e+01 6.023910903930664062e+01 8.126070404052734375e+01
1.400827331542968750e+02 9.367186737060546875e+01 9.434371948242187500e+01 1.057488021850585938e+02 1.033356628417968750e+02 5.784131622314453125e+01 6.171485137939453125e+01 8.883567810058593750e+01
1.475784301757812500e+02 1.004879760742187500e+02 1.003225631713867188e+02 1.135774765014648438e+02 1.090666809082031250e+02 6.063764572143554688e+01 6.536078643798828125e+01 9.400182342529296875e+01
1.533713684082031250e+02 1.039788589477539062e+02 1.031248168945312500e+02 1.141057434082031250e+02 1.127213897705078125e+02 6.133181381225585938e+01 6.628863525390625000e+01 9.495171356201171875e+01
1.503503112792968750e+02 1.040280151367187500e+02 1.038986968994140625e+02 1.132337036132812500e+02 1.118805236816406250e+02 6.051147842407226562e+01 6.403812408447265625e+01 9.189675140380859375e+01
1.450780334472656250e+02 1.055094604492187500e+02 1.036705093383789062e+02 1.222497406005859375e+02 1.094640655517578125e+02 6.132710266113281250e+01 6.620964050292968750e+01 9.111240386962890625e+01
1.400189666748046875e+02 1.078210601806640625e+02 1.033413925170898438e+02 1.208594284057617188e+02 1.073027954101562500e+02 6.428710937500000000e+01 6.699141693115234375e+01 8.897746276855468750e+01
1.383114318847656250e+02 1.050313186645507812e+02 1.071700057983398438e+02 1.182487640380859375e+02 1.113959808349609375e+02 6.540764617919921875e+01 6.883303833007812500e+01 9.107604217529296875e+01
1.423872222900390625e+02 1.054996719360351562e+02 1.101245880126953125e+02 1.213447647094726562e+02 1.138185501098632812e+02 6.422888946533203125e+01 7.055014038085937500e+01 9.203332519531250000e+01
1.496721496582031250e+02 1.057938079833984375e+02 1.096260833740234375e+02 1.181633834838867188e+02 1.148330001831054688e+02 6.451644134521484375e+01 6.892390441894531250e+01 9.037978363037109375e+01
1.565898895263671875e+02 1.069940109252929688e+02 1.099802474975585938e+02 1.184067687988281250e+02 1.123869705200195312e+02 6.644039154052734375e+01 6.683792114257812500e+01 8.896289062500000000e+01
1.636331024169921875e+02 1.090882873535156250e+02 1.126473770141601562e+02 1.250261535644531250e+02 1.183446350097656250e+02 6.519594573974609375e+01 6.941658020019531250e+01 9.515045928955078125e+01
1.669047241210937500e+02 1.093990783691406250e+02 1.140057449340820312e+02 1.204974517822265625e+02 1.201564712524414062e+02 6.723462677001953125e+01 6.899535369873046875e+01 9.732220458984375000e+01
1.678640441894531250e+02 1.156225433349609375e+02 1.158140869140625000e+02 1.245381774902343750e+02 1.202982711791992188e+02 7.245497894287109375e+01 7.195159912109375000e+01 9.739039611816406250e+01
1.723818359375000000e+02 1.177269210815429688e+02 1.172315902709960938e+02 1.290690765380859375e+02 1.240343704223632812e+02 7.232510375976562500e+01 7.435319519042968750e+01 9.838646697998046875e+01
1.721869049072265625e+02 1.200657730102539062e+02 1.221655273437500000e+02 1.280563964843750000e+02 1.313744812011718750e+02 7.481729888916015625e+01 7.534165954589843750e+01 1.057765197753906250e+02
1.698673095703125000e+02 1.214194717407226562e+02 1.237810974121093750e+02 1.238469009399414062e+02 1.307474975585937500e+02 7.532228088378906250e+01 7.469651031494140625e+01 1.045798721313476562e+02
1.747528533935546875e+02 1.242612304687500000e+02 1.248980484008789062e+02 1.281261291503906250e+02 1.287097778320312500e+02 7.670922088623046875e+01 7.486985015869140625e+01 1.032125930786132812e+02
1.864806213378906250e+02 1.245544433593750000e+02 1.293390350341796875e+02 1.289858856201171875e+02 1.310154876708984375e+02 7.645578002929687500e+01 7.621749877929687500e+01 1.063761672973632812e+02
