9.644894409179687500e+01 7.561070251464843750e+01 7.194783020019531250e+01 8.317660522460937500e+01 7.886219787597656250e+01 4.764088058471679688e+01 5.202893829345703125e+01 6.579951477050781250e+01
1.026378479003906250e+02 7.529708862304687500e+01 7.083963012695312500e+01 8.458374023437500000e+01 7.854597473144531250e+01 4.670507049560546875e+01 5.139333343505859375e+01 6.461244201660156250e+01
1.050871124267578125e+02 7.627444458007812500e+01 7.225936889648437500e+01 8.541466522216796875e+01 7.869082641601562500e+01 4.780259323120117188e+01 5.231182861328125000e+01 6.544376373291015625e+01
1.052808990478515625e+02 7.715858459472656250e+01 7.376550292968750000e+01 8.628305816650390625e+01 7.873379516601562500e+01 4.854642486572265625e+01 5.305307388305664062e+01 6.626862335205078125e+01
1.058664627075195312e+02 7.780791473388671875e+01 7.451773834228515625e+01 8.616191864013671875e+01 7.857444763183593750e+01 4.898366165161132812e+01 5.369120025634765625e+01 6.680885314941406250e+01
1.065581817626953125e+02 7.828363037109375000e+01 7.503736114501953125e+01 8.605405426025390625e+01 7.836803436279296875e+01 4.916774749755859375e+01 5.439392471313476562e+01 6.719238281250000000e+01
1.068518981933593750e+02 7.884263610839843750e+01 7.568618011474609375e+01 8.666025543212890625e+01 7.800483703613281250e+01 4.944639968872070312e+01 5.504740905761718750e+01 6.745462799072265625e+01
1.072531127929687500e+02 7.916181182861328125e+01 7.653326416015625000e+01 8.728800201416015625e+01 7.793067169189453125e+01 4.978871536254882812e+01 5.553264617919921875e+01 6.756616973876953125e+01
1.078403701782226562e+02 7.973725891113281250e+01 7.687928771972656250e+01 8.724945068359375000e+01 7.827752685546875000e+01 4.994501113891601562e+01 5.625182723999023438e+01 6.755461883544921875e+01
1.077901077270507812e+02 8.021115112304687500e+01 7.696926879882812500e+01 8.797213745117187500e+01 7.877014923095703125e+01 4.984494781494140625e+01 5.693220901489257812e+01 6.767926025390625000e+01
1.074802932739257812e+02 8.047052001953125000e+01 7.750444793701171875e+01 8.932762908935546875e+01 7.929769134521484375e+01 4.965409088134765625e+01 5.755271911621093750e+01 6.785869598388671875e+01
1.070629119873046875e+02 8.100933074951171875e+01 7.789569091796875000e+01 9.098918151855468750e+01 7.990249633789062500e+01 4.962458038330078125e+01 5.810369491577148438e+01 6.796195220947265625e+01
1.076581497192382812e+02 8.157499694824218750e+01 7.806008911132812500e+01 9.293898010253906250e+01 8.015791320800781250e+01 4.932979965209960938e+01 5.861803817749023438e+01 6.817996978759765625e+01
1.083260421752929688e+02 8.221300506591796875e+01 7.820446014404296875e+01 9.466332244873046875e+01 8.005957794189453125e+01 4.913444137573242188e+01 5.899819183349609375e+01 6.831836700439453125e+01
1.097449035644531250e+02 8.289672088623046875e+01 7.849377441406250000e+01 9.660211944580078125e+01 8.008180999755859375e+01 4.941560363769531250e+01 5.947426986694335938e+01 6.828976440429687500e+01
1.112095031738281250e+02 8.348440551757812500e+01 7.892932128906250000e+01 9.787154388427734375e+01 8.010443115234375000e+01 4.978450012207031250e+01 6.018925857543945312e+01 6.829018402099609375e+01
1.127133255004882812e+02 8.454010009765625000e+01 7.948684692382812500e+01 9.858378601074218750e+01 8.038023376464843750e+01 5.018092346191406250e+01 6.092480850219726562e+01 6.838812255859375000e+01
1.149899215698242188e+02 8.530072784423828125e+01 8.066705322265625000e+01 1.004283981323242188e+02 8.102734375000000000e+01 5.084846878051757812e+01 6.133214569091796875e+01 6.888712310791015625e+01
1.171245574951171875e+02 8.653966522216796875e+01 8.207113647460937500e+01 1.007230377197265625e+02 8.181393432617187500e+01 5.165030288696289062e+01 6.145903778076171875e+01 6.965587615966796875e+01
1.204349212646484375e+02 8.771176147460937500e+01 8.331747436523437500e+01 1.010152893066406250e+02 8.259858703613281250e+01 5.238143539428710938e+01 6.164595794677734375e+01 7.032067871093750000e+01
1.242636260986328125e+02 8.826725769042968750e+01 8.424901580810546875e+01 1.010917510986328125e+02 8.336477661132812500e+01 5.291865158081054688e+01 6.210650634765625000e+01 7.123500061035156250e+01
