4.345513820648193359e+00 1.058831501007080078e+01 8.195085525512695312e+00 1.219476604461669922e+01 8.628069877624511719e+00 1.370055675506591797e+01 1.598570346832275391e+01 1.090138053894042969e+01
4.332522869110107422e+00 1.082112979888916016e+01 8.125091552734375000e+00 1.243961906433105469e+01 8.562820434570312500e+00 1.344341850280761719e+01 1.569952392578125000e+01 1.083440685272216797e+01
4.441220283508300781e+00 1.079815006256103516e+01 8.265286445617675781e+00 1.250893211364746094e+01 8.768133163452148438e+00 1.364007568359375000e+01 1.569110488891601562e+01 1.109368705749511719e+01
4.379177570343017578e+00 1.095978927612304688e+01 8.184068679809570312e+00 1.237938690185546875e+01 8.650861740112304688e+00 1.338780689239501953e+01 1.559296321868896484e+01 1.086872482299804688e+01
4.477889537811279297e+00 1.084219551086425781e+01 8.309449195861816406e+00 1.235024833679199219e+01 8.800597190856933594e+00 1.364749908447265625e+01 1.552893924713134766e+01 1.101560401916503906e+01
4.497020244598388672e+00 1.095659542083740234e+01 8.355834007263183594e+00 1.243574523925781250e+01 8.853762626647949219e+00 1.374233627319335938e+01 1.568066024780273438e+01 1.118939304351806641e+01
4.442809581756591797e+00 1.092743778228759766e+01 8.370714187622070312e+00 1.242217731475830078e+01 8.848343849182128906e+00 1.372501754760742188e+01 1.572052097320556641e+01 1.101204967498779297e+01
4.734764099121093750e+00 1.084711551666259766e+01 8.300340652465820312e+00 1.225363636016845703e+01 8.954710960388183594e+00 1.387949562072753906e+01 1.564002513885498047e+01 1.105842971801757812e+01
4.442298412322998047e+00 1.111903858184814453e+01 8.406910896301269531e+00 1.242096519470214844e+01 8.907990455627441406e+00 1.369429016113281250e+01 1.587503814697265625e+01 1.092423534393310547e+01
4.464443206787109375e+00 1.095204734802246094e+01 8.560147285461425781e+00 1.231635379791259766e+01 9.008922576904296875e+00 1.389505290985107422e+01 1.570232009887695312e+01 1.111558246612548828e+01
4.570450305938720703e+00 1.085664653778076172e+01 8.697289466857910156e+00 1.226555156707763672e+01 9.176577568054199219e+00 1.405664730072021484e+01 1.571015262603759766e+01 1.138580417633056641e+01
4.511367797851562500e+00 1.083836650848388672e+01 8.760491371154785156e+00 1.218605709075927734e+01 9.327191352844238281e+00 1.407369899749755859e+01 1.556756973266601562e+01 1.148024177551269531e+01
4.549953460693359375e+00 1.103670215606689453e+01 8.726329803466796875e+00 1.216001701354980469e+01 9.100133895874023438e+00 1.396678447723388672e+01 1.572921085357666016e+01 1.132597255706787109e+01
4.829169750213623047e+00 1.097904872894287109e+01 8.612752914428710938e+00 1.211879825592041016e+01 9.127579689025878906e+00 1.427676105499267578e+01 1.577090835571289062e+01 1.123422718048095703e+01
4.593066215515136719e+00 1.088183212280273438e+01 8.809527397155761719e+00 1.224971294403076172e+01 9.336503028869628906e+00 1.404925727844238281e+01 1.569364833831787109e+01 1.150266361236572266e+01
4.536470413208007812e+00 1.101502609252929688e+01 8.850778579711914062e+00 1.224181842803955078e+01 9.273641586303710938e+00 1.413834857940673828e+01 1.575430107116699219e+01 1.155669784545898438e+01
4.758270263671875000e+00 1.107088661193847656e+01 8.682791709899902344e+00 1.228503704071044922e+01 9.186914443969726562e+00 1.413431930541992188e+01 1.578568649291992188e+01 1.135718536376953125e+01
4.621716976165771484e+00 1.111539745330810547e+01 8.880250930786132812e+00 1.229399967193603516e+01 9.379447937011718750e+00 1.402908420562744141e+01 1.575119304656982422e+01 1.155100727081298828e+01
4.627239704132080078e+00 1.122406673431396484e+01 8.921465873718261719e+00 1.232888126373291016e+01 9.259546279907226562e+00 1.408615779876708984e+01 1.567167186737060547e+01 1.153138256072998047e+01
4.739428043365478516e+00 1.117387962341308594e+01 8.990686416625976562e+00 1.231632614135742188e+01 9.305821418762207031e+00 1.419319534301757812e+01 1.560805892944335938e+01 1.163329505920410156e+01
4.733357429504394531e+00 1.121558475494384766e+01 9.056257247924804688e+00 1.231319427490234375e+01 9.359940528869628906e+00 1.419932651519775391e+01 1.573736381530761719e+01 1.177648353576660156e+01
4.764486312866210938e+00 1.115985393524169922e+01 9.164697647094726562e+00 1.221239662170410156e+01 9.404787063598632812e+00 1.425670337677001953e+01 1.558807849884033203e+01 1.171548843383789062e+01
4.766110897064208984e+00 1.127153205871582031e+01 9.170306205749511719e+00 1.222745418548583984e+01 9.401258468627929688e+00 1.430067253112792969e+01 1.566089439392089844e+01 1.176654338836669922e+01
4.749742984771728516e+00 1.134949684143066406e+01 9.243227958679199219e+00 1.223179626464843750e+01 9.401438713073730469e+00 1.424472904205322266e+01 1.555863094329833984e+01 1.171519279479980469e+01
