3.901503324508666992e+00 8.883136749267578125e+00 5.565915107727050781e+00 8.685025215148925781e+00 5.878309249877929688e+00 1.117012119293212891e+01 1.043687248229980469e+01 5.269756793975830078e+00
3.830975055694580078e+00 8.984937667846679688e+00 5.512443065643310547e+00 8.875119209289550781e+00 5.842501163482666016e+00 1.132824039459228516e+01 1.072713565826416016e+01 5.274951934814453125e+00
3.779897212982177734e+00 9.262225151062011719e+00 5.514549255371093750e+00 9.148344039916992188e+00 5.873508453369140625e+00 1.161249351501464844e+01 1.146180057525634766e+01 5.321407794952392578e+00
3.744520664215087891e+00 9.633101463317871094e+00 5.543047428131103516e+00 9.561156272888183594e+00 5.922907829284667969e+00 1.195473575592041016e+01 1.248708057403564453e+01 5.382894039154052734e+00
3.730946779251098633e+00 9.948644638061523438e+00 5.563955307006835938e+00 1.003238868713378906e+01 5.968376159667968750e+00 1.224389076232910156e+01 1.355295658111572266e+01 5.446429252624511719e+00
3.735343456268310547e+00 1.019213867187500000e+01 5.591606140136718750e+00 1.054524993896484375e+01 6.016159534454345703e+00 1.247074317932128906e+01 1.459637928009033203e+01 5.504740715026855469e+00
3.750873088836669922e+00 1.034224796295166016e+01 5.644109725952148438e+00 1.101781654357910156e+01 6.070222377777099609e+00 1.265931415557861328e+01 1.545955944061279297e+01 5.565223693847656250e+00
3.786096572875976562e+00 1.040829753875732422e+01 5.709727287292480469e+00 1.144002246856689453e+01 6.123501300811767578e+00 1.279204654693603516e+01 1.617814064025878906e+01 5.619820117950439453e+00
3.830379247665405273e+00 1.044050693511962891e+01 5.806237220764160156e+00 1.180998611450195312e+01 6.181154251098632812e+00 1.289638900756835938e+01 1.670194435119628906e+01 5.670892715454101562e+00
3.890713453292846680e+00 1.045312976837158203e+01 5.918713569641113281e+00 1.212152385711669922e+01 6.239429473876953125e+00 1.296457767486572266e+01 1.708603668212890625e+01 5.705316543579101562e+00
3.961072921752929688e+00 1.046568775177001953e+01 6.037252426147460938e+00 1.236781406402587891e+01 6.308650016784667969e+00 1.304516506195068359e+01 1.733204841613769531e+01 5.737965583801269531e+00
4.052650928497314453e+00 1.049825000762939453e+01 6.152916431427001953e+00 1.254185485839843750e+01 6.375305175781250000e+00 1.314587116241455078e+01 1.746225929260253906e+01 5.767024040222167969e+00
4.152658462524414062e+00 1.057723045349121094e+01 6.249981880187988281e+00 1.263133811950683594e+01 6.437148094177246094e+00 1.328064441680908203e+01 1.751970100402832031e+01 5.788012027740478516e+00
4.254289627075195312e+00 1.066718196868896484e+01 6.315598011016845703e+00 1.267851543426513672e+01 6.494835376739501953e+00 1.343905067443847656e+01 1.748413848876953125e+01 5.808596611022949219e+00
4.350121021270751953e+00 1.079008388519287109e+01 6.361152648925781250e+00 1.267957210540771484e+01 6.551661968231201172e+00 1.361949825286865234e+01 1.743115806579589844e+01 5.825601100921630859e+00
4.432126045227050781e+00 1.090350914001464844e+01 6.381827354431152344e+00 1.264301681518554688e+01 6.600082397460937500e+00 1.377708435058593750e+01 1.736634063720703125e+01 5.842273712158203125e+00
4.504456996917724609e+00 1.100509166717529297e+01 6.392195701599121094e+00 1.260560321807861328e+01 6.642090320587158203e+00 1.389261341094970703e+01 1.730749893188476562e+01 5.848652839660644531e+00
4.554956912994384766e+00 1.107712841033935547e+01 6.392539978027343750e+00 1.255332469940185547e+01 6.688051700592041016e+00 1.396277809143066406e+01 1.722052192687988281e+01 5.853459835052490234e+00
4.582632541656494141e+00 1.112983322143554688e+01 6.391634464263916016e+00 1.249226379394531250e+01 6.727903842926025391e+00 1.398387145996093750e+01 1.711394882202148438e+01 5.871300220489501953e+00
4.597852230072021484e+00 1.116076946258544922e+01 6.399579524993896484e+00 1.243661022186279297e+01 6.751168251037597656e+00 1.395250320434570312e+01 1.698060035705566406e+01 5.889885902404785156e+00
4.594996452331542969e+00 1.117320823669433594e+01 6.414054870605468750e+00 1.240711212158203125e+01 6.764365673065185547e+00 1.390018749237060547e+01 1.681589889526367188e+01 5.907031536102294922e+00
4.581868648529052734e+00 1.114557170867919922e+01 6.434236049652099609e+00 1.240262699127197266e+01 6.774135589599609375e+00 1.384638977050781250e+01 1.657647895812988281e+01 5.921087741851806641e+00
4.559382915496826172e+00 1.110105514526367188e+01 6.454649448394775391e+00 1.244292449951171875e+01 6.785433769226074219e+00 1.381748485565185547e+01 1.626947021484375000e+01 5.929880619049072266e+00
4.533248424530029297e+00 1.104925155639648438e+01 6.474172592163085938e+00 1.245974540710449219e+01 6.789531707763671875e+00 1.380511093139648438e+01 1.594127082824707031e+01 5.929506778717041016e+00
