1.250058593750000000e+02 7.408522796630859375e+01 7.890777587890625000e+01 8.330934143066406250e+01 8.339655303955078125e+01 4.967473220825195312e+01 5.302020263671875000e+01 6.935132598876953125e+01
1.229192199707031250e+02 7.294224548339843750e+01 7.578623199462890625e+01 8.395949554443359375e+01 7.988542938232421875e+01 4.830889892578125000e+01 5.130474853515625000e+01 6.580304718017578125e+01
1.222230987548828125e+02 7.420783233642578125e+01 7.567327880859375000e+01 8.536098480224609375e+01 7.798744201660156250e+01 4.903687286376953125e+01 5.282765579223632812e+01 6.510554504394531250e+01
1.203452148437500000e+02 7.697920989990234375e+01 7.649199676513671875e+01 8.807094573974609375e+01 7.919387054443359375e+01 4.967997360229492188e+01 5.381399536132812500e+01 6.645089721679687500e+01
1.231666259765625000e+02 7.825272369384765625e+01 7.664749145507812500e+01 8.888576507568359375e+01 7.875916290283203125e+01 4.964498901367187500e+01 5.421091079711914062e+01 6.578302764892578125e+01
1.235149993896484375e+02 7.908445739746093750e+01 7.635296630859375000e+01 9.046278381347656250e+01 7.774570465087890625e+01 4.968755340576171875e+01 5.515846633911132812e+01 6.596464538574218750e+01
1.248086624145507812e+02 7.792617034912109375e+01 7.599619293212890625e+01 8.954936981201171875e+01 7.807402038574218750e+01 4.794829940795898438e+01 5.325143814086914062e+01 6.491555786132812500e+01
1.242072906494140625e+02 7.871778106689453125e+01 7.586585235595703125e+01 8.993173217773437500e+01 7.859441375732421875e+01 4.974692153930664062e+01 5.578024291992187500e+01 6.538605499267578125e+01
1.227023010253906250e+02 8.036783599853515625e+01 7.614706420898437500e+01 9.319720458984375000e+01 7.703354644775390625e+01 4.969147491455078125e+01 5.624109268188476562e+01 6.531832122802734375e+01
1.217722473144531250e+02 7.973947906494140625e+01 7.662199401855468750e+01 9.251168823242187500e+01 7.775917816162109375e+01 4.917005157470703125e+01 5.491423416137695312e+01 6.563503265380859375e+01
1.212197036743164062e+02 7.955970001220703125e+01 7.749760437011718750e+01 9.392338562011718750e+01 7.982955932617187500e+01 4.939813232421875000e+01 5.554060363769531250e+01 6.750467681884765625e+01
1.215345916748046875e+02 8.200453948974609375e+01 7.778910064697265625e+01 9.639877319335937500e+01 7.851820373535156250e+01 5.010013580322265625e+01 5.698532104492187500e+01 6.715470886230468750e+01
1.250227661132812500e+02 7.887741851806640625e+01 7.696597290039062500e+01 9.363851165771484375e+01 7.977089691162109375e+01 4.751809310913085938e+01 5.392332077026367188e+01 6.582627868652343750e+01
1.234023132324218750e+02 7.734319305419921875e+01 7.763695526123046875e+01 9.234478759765625000e+01 8.039790344238281250e+01 4.887552261352539062e+01 5.383054733276367188e+01 6.739320373535156250e+01
1.239875717163085938e+02 7.856807708740234375e+01 7.468138885498046875e+01 9.413353729248046875e+01 7.815384674072265625e+01 4.759172821044921875e+01 5.509577560424804688e+01 6.533837127685546875e+01
1.215776824951171875e+02 7.802481079101562500e+01 7.528410339355468750e+01 9.252397918701171875e+01 7.878624725341796875e+01 4.701967239379882812e+01 5.414351272583007812e+01 6.557102966308593750e+01
1.226177368164062500e+02 7.897183227539062500e+01 7.500225830078125000e+01 9.335903930664062500e+01 7.762068939208984375e+01 4.713942718505859375e+01 5.441207122802734375e+01 6.561424255371093750e+01
1.264000015258789062e+02 7.857893371582031250e+01 7.674121856689453125e+01 9.263782501220703125e+01 7.927111816406250000e+01 4.672508239746093750e+01 5.300796127319335938e+01 6.556774139404296875e+01
1.259042587280273438e+02 7.810099029541015625e+01 7.725748443603515625e+01 9.134237670898437500e+01 8.023174285888671875e+01 4.848448562622070312e+01 5.377637863159179688e+01 6.683989715576171875e+01
1.219962081909179688e+02 7.951995849609375000e+01 7.623038482666015625e+01 9.383827972412109375e+01 7.802639007568359375e+01 4.785342025756835938e+01 5.558630752563476562e+01 6.543388366699218750e+01
1.246841583251953125e+02 7.933657073974609375e+01 7.622023773193359375e+01 9.411609649658203125e+01 7.834710693359375000e+01 4.740614700317382812e+01 5.518521118164062500e+01 6.591925811767578125e+01
