1.178357481956481934e+00 4.264395713806152344e+00 2.418223857879638672e+00 4.709624290466308594e+00 2.533988475799560547e+00 5.119183540344238281e+00 6.574234008789062500e+00 2.523219823837280273e+00
2.608217000961303711e+00 8.786228179931640625e+00 4.742091655731201172e+00 1.009977436065673828e+01 4.907138824462890625e+00 1.009051704406738281e+01 1.328184795379638672e+01 4.551249027252197266e+00
3.421735525131225586e+00 1.091497802734375000e+01 6.011902332305908203e+00 1.292283916473388672e+01 6.132674217224121094e+00 1.329827213287353516e+01 1.739517593383789062e+01 5.532543659210205078e+00
3.884586811065673828e+00 1.201922225952148438e+01 6.673233032226562500e+00 1.394363498687744141e+01 6.812788486480712891e+00 1.516143989562988281e+01 1.995100593566894531e+01 6.062400341033935547e+00
4.081123828887939453e+00 1.259072971343994141e+01 7.010780334472656250e+00 1.450868797302246094e+01 7.147070884704589844e+00 1.612735939025878906e+01 2.098691749572753906e+01 6.374629497528076172e+00
4.179833889007568359e+00 1.272409248352050781e+01 7.138153553009033203e+00 1.487430953979492188e+01 7.314392566680908203e+00 1.619914627075195312e+01 2.096911048889160156e+01 6.573122978210449219e+00
4.305903434753417969e+00 1.308908367156982422e+01 7.258245468139648438e+00 1.500162696838378906e+01 7.579896450042724609e+00 1.565105915069580078e+01 2.037944984436035156e+01 6.745831966400146484e+00
4.447652339935302734e+00 1.330717468261718750e+01 7.276576995849609375e+00 1.477969360351562500e+01 7.877019405364990234e+00 1.497405242919921875e+01 1.961936187744140625e+01 6.912708282470703125e+00
4.585720539093017578e+00 1.349288940429687500e+01 7.265114784240722656e+00 1.488188743591308594e+01 7.941033840179443359e+00 1.473722553253173828e+01 1.918089866638183594e+01 6.843337535858154297e+00
4.679099559783935547e+00 1.354669475555419922e+01 7.173220634460449219e+00 1.516631317138671875e+01 8.055377006530761719e+00 1.478370666503906250e+01 1.968458175659179688e+01 6.672173976898193359e+00
4.721608638763427734e+00 1.364601421356201172e+01 7.121081829071044922e+00 1.518513202667236328e+01 8.185776710510253906e+00 1.491917705535888672e+01 1.983438873291015625e+01 6.642891883850097656e+00
4.763699054718017578e+00 1.373346042633056641e+01 7.161981582641601562e+00 1.500071907043457031e+01 8.251458168029785156e+00 1.527116394042968750e+01 1.954025650024414062e+01 6.761084079742431641e+00
4.808446884155273438e+00 1.367016029357910156e+01 7.200344085693359375e+00 1.523550701141357422e+01 8.148692131042480469e+00 1.554632186889648438e+01 1.952719306945800781e+01 6.804322719573974609e+00
4.806025505065917969e+00 1.336111545562744141e+01 7.242696285247802734e+00 1.521082878112792969e+01 8.141145706176757812e+00 1.557787799835205078e+01 1.967882919311523438e+01 6.840608119964599609e+00
4.769513130187988281e+00 1.352113437652587891e+01 7.447756290435791016e+00 1.508295726776123047e+01 8.195796966552734375e+00 1.575934886932373047e+01 1.990442466735839844e+01 6.932870388031005859e+00
4.757701396942138672e+00 1.412835693359375000e+01 7.694200038909912109e+00 1.523550701141357422e+01 8.260867118835449219e+00 1.612677192687988281e+01 2.006632232666015625e+01 7.056321620941162109e+00
4.768024921417236328e+00 1.464441871643066406e+01 7.836950778961181641e+00 1.583535099029541016e+01 8.352873802185058594e+00 1.640523719787597656e+01 2.013420295715332031e+01 7.197335720062255859e+00
4.805357456207275391e+00 1.478762626647949219e+01 7.718215465545654297e+00 1.624402046203613281e+01 8.095911979675292969e+00 1.666871833801269531e+01 2.063450431823730469e+01 7.248757839202880859e+00
4.822041988372802734e+00 1.476129341125488281e+01 7.586202144622802734e+00 1.648662757873535156e+01 7.937770366668701172e+00 1.705330848693847656e+01 2.143952941894531250e+01 7.293470859527587891e+00
4.762891769409179688e+00 1.453892803192138672e+01 7.523818492889404297e+00 1.635118484497070312e+01 7.741661548614501953e+00 1.724290275573730469e+01 2.197111320495605469e+01 7.276652812957763672e+00
4.726777076721191406e+00 1.437233352661132812e+01 7.486912727355957031e+00 1.617642593383789062e+01 7.613949775695800781e+00 1.713866424560546875e+01 2.250722885131835938e+01 7.258368968963623047e+00
4.753458023071289062e+00 1.431718540191650391e+01 7.377490520477294922e+00 1.624686241149902344e+01 7.288805961608886719e+00 1.684788703918457031e+01 2.239152145385742188e+01 7.205532550811767578e+00
4.806172847747802734e+00 1.436678314208984375e+01 7.321290493011474609e+00 1.649988174438476562e+01 7.027539253234863281e+00 1.656590080261230469e+01 2.184999465942382812e+01 7.112482070922851562e+00
4.782927989959716797e+00 1.455348682403564453e+01 7.340180873870849609e+00 1.649302864074707031e+01 6.924095153808593750e+00 1.615746116638183594e+01 2.083016586303710938e+01 7.115504741668701172e+00
