3.915323019027709961e+00 1.010575485229492188e+01 5.746385097503662109e+00 1.104780197143554688e+01 6.117097854614257812e+00 1.244727516174316406e+01 1.400994014739990234e+01 5.563636779785156250e+00
4.030804157257080078e+00 1.005992126464843750e+01 5.734634399414062500e+00 1.121559238433837891e+01 6.052932739257812500e+00 1.247910213470458984e+01 1.401811122894287109e+01 5.603221893310546875e+00
4.113985061645507812e+00 1.004566287994384766e+01 5.762621402740478516e+00 1.115327644348144531e+01 6.022118091583251953e+00 1.243932819366455078e+01 1.398210620880126953e+01 5.596717357635498047e+00
4.138983726501464844e+00 1.001553821563720703e+01 5.758027553558349609e+00 1.102643299102783203e+01 6.004568576812744141e+00 1.209964084625244141e+01 1.399557209014892578e+01 5.532761096954345703e+00
4.161375045776367188e+00 1.002456951141357422e+01 5.699455261230468750e+00 1.093319988250732422e+01 5.991183280944824219e+00 1.200638771057128906e+01 1.392043113708496094e+01 5.516628742218017578e+00
4.139575481414794922e+00 9.952789306640625000e+00 5.641709804534912109e+00 1.094500446319580078e+01 6.014512538909912109e+00 1.183023929595947266e+01 1.388779163360595703e+01 5.520889759063720703e+00
4.119360923767089844e+00 9.937786102294921875e+00 5.629408359527587891e+00 1.087940216064453125e+01 6.079750537872314453e+00 1.174524688720703125e+01 1.374862957000732422e+01 5.541869163513183594e+00
4.110373497009277344e+00 9.921225547790527344e+00 5.614698886871337891e+00 1.091884136199951172e+01 6.177621364593505859e+00 1.179562950134277344e+01 1.376701545715332031e+01 5.598777770996093750e+00
4.062285900115966797e+00 9.940023422241210938e+00 5.577081203460693359e+00 1.094418811798095703e+01 6.227055072784423828e+00 1.163621616363525391e+01 1.370631313323974609e+01 5.604539394378662109e+00
4.037232875823974609e+00 9.968343734741210938e+00 5.579965591430664062e+00 1.093248271942138672e+01 6.320160388946533203e+00 1.164539623260498047e+01 1.373107242584228516e+01 5.626778602600097656e+00
4.016277313232421875e+00 9.927056312561035156e+00 5.616703033447265625e+00 1.085785007476806641e+01 6.405428886413574219e+00 1.161325168609619141e+01 1.370514106750488281e+01 5.673728466033935547e+00
4.002889633178710938e+00 9.836663246154785156e+00 5.614802837371826172e+00 1.088312339782714844e+01 6.456801891326904297e+00 1.157403659820556641e+01 1.366768455505371094e+01 5.709089279174804688e+00
4.006572246551513672e+00 9.756721496582031250e+00 5.646660804748535156e+00 1.090895462036132812e+01 6.492347717285156250e+00 1.139202690124511719e+01 1.380916595458984375e+01 5.694477081298828125e+00
3.983106136322021484e+00 9.671003341674804688e+00 5.704644680023193359e+00 1.100305557250976562e+01 6.555570125579833984e+00 1.136730957031250000e+01 1.373963451385498047e+01 5.709554672241210938e+00
3.984009504318237305e+00 9.526465415954589844e+00 5.739302158355712891e+00 1.094646167755126953e+01 6.580382347106933594e+00 1.139226913452148438e+01 1.378646564483642578e+01 5.728914737701416016e+00
3.971581459045410156e+00 9.446429252624511719e+00 5.838351249694824219e+00 1.098121738433837891e+01 6.602475643157958984e+00 1.136684322357177734e+01 1.371267700195312500e+01 5.744274616241455078e+00
3.992216110229492188e+00 9.343775749206542969e+00 5.869841098785400391e+00 1.090767383575439453e+01 6.575010776519775391e+00 1.143129730224609375e+01 1.365484523773193359e+01 5.748637676239013672e+00
4.011981010437011719e+00 9.309267997741699219e+00 5.929225444793701172e+00 1.092163562774658203e+01 6.537463665008544922e+00 1.156470108032226562e+01 1.357853984832763672e+01 5.758038043975830078e+00
4.025956153869628906e+00 9.390589714050292969e+00 6.008847713470458984e+00 1.085025310516357422e+01 6.522106170654296875e+00 1.167149639129638672e+01 1.351761436462402344e+01 5.765405178070068359e+00
4.064189434051513672e+00 9.484133720397949219e+00 6.041448593139648438e+00 1.074612140655517578e+01 6.492627620697021484e+00 1.180953598022460938e+01 1.350330066680908203e+01 5.786194801330566406e+00
4.053191661834716797e+00 9.600575447082519531e+00 6.086949825286865234e+00 1.066451454162597656e+01 6.439689159393310547e+00 1.203055763244628906e+01 1.354843997955322266e+01 5.835824489593505859e+00
4.084984779357910156e+00 9.755517005920410156e+00 6.131636142730712891e+00 1.062247467041015625e+01 6.392626285552978516e+00 1.220351409912109375e+01 1.371320533752441406e+01 5.859579086303710938e+00
4.105577945709228516e+00 9.908352851867675781e+00 6.165081977844238281e+00 1.066136264801025391e+01 6.366370201110839844e+00 1.242631626129150391e+01 1.392094326019287109e+01 5.884682655334472656e+00
4.145719051361083984e+00 1.014699649810791016e+01 6.174882411956787109e+00 1.069929504394531250e+01 6.338134765625000000e+00 1.263262176513671875e+01 1.416741180419921875e+01 5.880561351776123047e+00
