9.552143859863281250e+01 7.032234954833984375e+01 6.668097686767578125e+01 8.881659698486328125e+01 7.514736938476562500e+01 4.486948776245117188e+01 5.107956314086914062e+01 6.315232467651367188e+01 6.944384765625000000e+01
9.687298583984375000e+01 7.023268127441406250e+01 6.718613433837890625e+01 8.814775085449218750e+01 7.631910705566406250e+01 4.496680068969726562e+01 5.102592086791992188e+01 6.384647750854492188e+01 7.023528289794921875e+01
9.895065307617187500e+01 7.092098999023437500e+01 6.794696044921875000e+01 8.732316589355468750e+01 7.664157867431640625e+01 4.551102828979492188e+01 5.106194686889648438e+01 6.470679473876953125e+01 7.110030364990234375e+01
1.015803985595703125e+02 7.152593994140625000e+01 6.843093109130859375e+01 8.690424346923828125e+01 7.668797302246093750e+01 4.596914672851562500e+01 5.137286758422851562e+01 6.518614959716796875e+01 7.205670928955078125e+01
1.037717437744140625e+02 7.217970275878906250e+01 6.917795562744140625e+01 8.688095092773437500e+01 7.672721862792968750e+01 4.609940338134765625e+01 5.173490524291992188e+01 6.554742431640625000e+01 7.304481506347656250e+01
1.049486999511718750e+02 7.282115936279296875e+01 6.995143127441406250e+01 8.738149261474609375e+01 7.712252044677734375e+01 4.624809265136718750e+01 5.225326538085937500e+01 6.588754272460937500e+01 7.400251007080078125e+01
1.057649230957031250e+02 7.286711120605468750e+01 7.064474487304687500e+01 8.800864410400390625e+01 7.798464202880859375e+01 4.639291763305664062e+01 5.278719711303710938e+01 6.618065643310546875e+01 7.474812316894531250e+01
1.063622207641601562e+02 7.298590087890625000e+01 7.130902099609375000e+01 8.806486511230468750e+01 7.899064636230468750e+01 4.632636642456054688e+01 5.293772888183593750e+01 6.668712615966796875e+01 7.535957336425781250e+01
1.077594909667968750e+02 7.294907379150390625e+01 7.225397491455078125e+01 8.775132751464843750e+01 7.987309265136718750e+01 4.617084503173828125e+01 5.300004959106445312e+01 6.707769012451171875e+01 7.591195678710937500e+01
1.091181030273437500e+02 7.294277191162109375e+01 7.302441406250000000e+01 8.718934631347656250e+01 8.045643615722656250e+01 4.618737792968750000e+01 5.285324859619140625e+01 6.721134948730468750e+01 7.639543914794921875e+01
1.105870742797851562e+02 7.342258453369140625e+01 7.348939514160156250e+01 8.700590515136718750e+01 8.150480651855468750e+01 4.639691162109375000e+01 5.293422698974609375e+01 6.734994506835937500e+01 7.686244201660156250e+01
1.120991134643554688e+02 7.406517028808593750e+01 7.423358917236328125e+01 8.768573760986328125e+01 8.229204559326171875e+01 4.647031784057617188e+01 5.312192916870117188e+01 6.750167846679687500e+01 7.749108123779296875e+01
1.137216873168945312e+02 7.530034637451171875e+01 7.486351776123046875e+01 8.883901977539062500e+01 8.277460479736328125e+01 4.659899520874023438e+01 5.339206314086914062e+01 6.757089996337890625e+01 7.812471771240234375e+01
1.152539291381835938e+02 7.661070251464843750e+01 7.556259155273437500e+01 9.022515869140625000e+01 8.298898315429687500e+01 4.684132766723632812e+01 5.414412307739257812e+01 6.807350158691406250e+01 7.877387237548828125e+01
1.166289520263671875e+02 7.680294036865234375e+01 7.628831481933593750e+01 9.046476745605468750e+01 8.265483856201171875e+01 4.713726806640625000e+01 5.453842163085937500e+01 6.845675659179687500e+01 7.912603759765625000e+01
